,geoid,2010_population,2010_household_income,2010_home_value,2010_nonh_caucasians,2010_nonh_blacks,2010_amerinds_alskns,2010_nonh_asians,2010_nonh_hawaii_pacific,2010_nonh_others,2010_nonh_multi,2010_hisp_latin,2010_construction,2010_retail,2010_information,2010_finance,2010_edu_health_social,2010_arts_recreation_accom,2010_public_admin,2010_armed_forces,2010_bachelors,2010_male<25_bachelors,2010_female<25_bachelors,2018_population,2018_household_income,2018_home_value,2018_nonh_caucasians,2018_nonh_blacks,2018_amerinds_alskns,2018_nonh_asians,2018_nonh_hawaii_pacific,2018_nonh_others,2018_nonh_multi,2018_hisp_latin,2018_construction,2018_retail,2018_information,2018_finance,2018_edu_health_social,2018_arts_recreation_accom,2018_public_admin,2018_armed_forces,2018_bachelors,2018_male<25_bachelors,2018_female<25_bachelors,2018_>25bachelors,2010_>25bachelors,2018_percent_>25bachelors,2010_percent_>25bachelors,change_percent_>25bachelors,percent_change_home_value,percent_change_construction,percent_change_retail,percent_change_information,percent_change_finance,percent_change_eduhealthsocial,percent_change_artsrecaccom,percent_change_publicadmin,percent_change_armedforces,gentrify_elig,test_two,gentrified,change_construction,change_retail,change_information,change_finance,change_eduhealthsocial,change_artsrecaccom,change_publicadmin,change_armedforces
geoid,1.0,0.04683416918225746,0.06129785594953902,0.28506416016541775,-0.013560013659220565,-0.08932985477109101,0.0476193473177895,0.14763436048559428,0.2467331559245415,-0.052494477922623045,-0.1145540145663062,0.03271524554282065,-0.03364407155092169,0.03699371712393533,0.18707309126718136,0.14074852807048924,-0.0016611846606310926,0.2275978545532496,0.007723294045448988,-0.10859063766293271,0.07849564159459095,0.04634520300749949,0.10466851036176648,0.024704752758221923,0.1095134964206133,0.34546136731794097,-0.010352001796481774,-0.15699632863296215,-0.04154010891022575,0.15920371494433655,0.3139785592247951,0.024629078627231214,-0.04667088036772252,0.003650624357216345,-0.02653231196263826,0.15068341972057026,0.22287150939888695,0.12059642711794975,-0.04750252045467039,0.22003702673922473,0.009276597126039761,-0.06920959431992832,0.09519153978171077,0.08740352312367286,0.25211005998115843,0.06012593238731121,0.06831702449859602,0.04783598913256966,0.07395351918039388,-0.0416680806120487,0.17457438660074434,0.1680682945850113,0.06390518365928337,0.018928397187097053,-0.06795137109706992,-0.08263009437305806,-0.056907661010337784,0.02861904879470153,0.1477203184899999,,-0.0019603239913675106,-0.0019603239913675106,0.00997304375290759,0.12304159838065877,0.06532407986974037,-0.016884923344234245,-0.06734281637100566,0.04668818845688716,0.0025499898057195157,0.04351448153567403
2010_population,0.04683416918225746,1.0,0.15750852844555904,-0.12937162761772236,0.3875748636088196,0.27235805327249607,0.23173657817785134,0.23144072198214288,0.29104469667098404,0.23627187366415445,0.320235868852303,0.699795857395873,0.6749066778123849,0.6896806389952236,0.2746442206413015,0.3777795606230144,0.6120724468014919,0.5188570075913346,0.43833404464336473,0.08731523894079543,0.2695729661523298,0.0327372375774163,0.12011926669525458,0.9438227814192194,-0.04324135736700621,-0.2699548085320286,0.32680850883123447,0.29350442657271264,0.284109006421896,0.24743360006354062,0.2541826593791422,0.08203756841786285,0.49749542937247204,0.7124347138564178,0.6631409354039579,0.6988160150165103,0.13201704418532098,0.40205009803498815,0.6100932193683118,0.5846044391641951,0.35600527167687485,0.04292835464736808,0.21530019843539136,0.0029488842942299374,0.08358164406358995,0.26188971624878404,0.3009037084841991,-0.3699574625256854,-0.30771273123811227,-0.12662796601716836,-0.26081424476285325,-0.1080389283951222,-0.22372185073770026,-0.0666569579544044,-0.06478386029282142,-0.1683283694936566,-0.11504422632549105,-0.08135081754353166,0.025501273303986462,,-0.20517698146125998,-0.20517698146125998,-0.03944241247322745,-0.02795765811115375,-0.08940711627953966,0.04122360404676383,0.06606723886926973,0.2158329978010804,-0.024572418192013206,-0.04367060698621369
2010_household_income,0.06129785594953902,0.15750852844555904,1.0,0.21595613044381143,0.43470208712199676,-0.31008149049740635,-0.04991201323113701,0.15252539863630338,0.07435607957052158,0.03288895591042037,0.17792509256020686,-0.04213168800390692,0.029836803866139135,0.298252109031955,0.3062205545946925,0.38992327976350605,0.316801558907661,-0.06897974249869694,0.26861050129917974,0.1436511906847933,0.4179862723220396,0.17925255704739415,0.010515166317671982,0.1284340589605092,0.7033104369138414,0.09275623272023983,0.3440131014650539,-0.31130462207067683,-0.06633610964985173,0.1998398056332219,0.004215245256427195,0.04556359011146539,0.1694829257632159,-0.05897144915547681,-0.014263889271107801,0.16396115853766893,0.13233043768975272,0.26835626638525956,0.225671923789216,-0.08291678671909312,0.2962116090523933,0.025644365665707995,0.32385508352461084,0.03450391867809921,-0.06068689631103529,0.4067815833226966,0.4518955067418745,0.3169567312765731,0.3459350469763733,-0.031334691254717634,-0.07298416664292907,-0.06704136080619544,-0.21790175531154246,-0.10067446811849597,-0.079270689169815,-0.2266029540182935,-0.11183851904564236,0.0076520579269982614,0.07331574244253904,,-0.10746139836948501,-0.10746139836948501,-0.055219528181996484,-0.16418229715960667,-0.11379933359580094,-0.11938131597018341,-0.09780472957134159,-0.03554419723831114,0.062449502053662724,-0.10254394460818046
2010_home_value,0.28506416016541775,-0.12937162761772236,0.21595613044381143,1.0,0.013594555239089852,-0.06691566460728522,-0.08066421122142606,0.26200289256034365,0.14064573694864255,-0.06660435752446346,0.003821693016036583,-0.2986794464372756,-0.26501853722553054,-0.08518615657469693,0.23679434306664007,0.026870937472283283,0.13598311489416298,-0.06414017458686631,0.07698055715876305,0.058566722259130344,0.26675257771105787,0.29289154853126037,0.2467549083037324,-0.11451302066286291,0.344543040046637,0.7083532674416296,0.07853252194632637,-0.07439716799806663,-0.036925100910316935,0.27086864261990806,0.14970351536571574,-0.01915495107617218,-0.02537268781251938,-0.33852704813303075,-0.2608002167792211,-0.10173830719464273,0.2501358203838335,0.08139717958956316,0.06471833175747024,-0.017185856129240364,0.1602640688895981,0.03291021013008926,0.2997012232163853,0.2744184571244894,0.2881636178771193,0.25196793753401125,0.20711439291736397,0.2855722571565045,0.26235270419760176,0.05556766488005021,0.024681117705769216,0.05977869913067633,-0.03119900820639614,0.009360966388476692,-0.028237255118411134,-0.09292234981069038,0.01926792988956703,0.04107943190383802,0.2928194181917683,,-0.040719008589282533,-0.040719008589282533,0.014995010537635781,-0.013515907208725732,0.05233186433802337,0.061246358266206245,-0.08907770265724237,0.04593343280544455,0.09274471514987322,-0.026483161016054357
2010_nonh_caucasians,-0.013560013659220565,0.3875748636088196,0.43470208712199676,0.013594555239089852,1.0,-0.3171340972746311,0.0051520347326603445,0.0013350112244040623,-0.06971475228698461,0.1520983984686206,0.24627098747505669,-0.08265183403458921,0.15456832048871802,0.47486084335571854,0.3965885329344862,0.5662151822749869,0.457758853348549,0.13678386321763733,0.39677876141451784,0.11441219873132746,0.6246193015943563,0.2514431572261791,0.11028631732587384,0.4030025326029571,0.359172985566928,-0.0021805138649341953,0.9286831958962004,-0.23821669975148688,0.04968351477272813,0.04315229239930318,-0.13620905038204284,-0.030633380333912677,0.36623203963389694,-0.053319700594403614,0.12286511053880839,0.3656070410449798,0.24038804280709716,0.5850791022240426,0.5030506672342687,0.09641879367846648,0.36637455521922774,0.047575311417838675,0.5982332027264482,0.23231673194172064,0.12805113346675634,0.6647850560528016,0.6680967636628407,0.36544382916026413,0.37202718658249634,0.009447410408356406,-0.00960944742033556,-0.0534186439293991,-0.17616251223352158,0.02553802537938558,-0.07213038846803305,-0.10535600418697318,-0.11210532425006715,-0.07444202822256173,0.11154505758254245,,-0.06999975125778882,-0.06999975125778882,-0.04462838561752599,-0.1463695766025632,-0.08186703890690276,0.04244416335867401,0.11792968349589351,-0.01916375393465224,0.02156883464370597,-0.06314339601503642
2010_nonh_blacks,-0.08932985477109101,0.27235805327249607,-0.31008149049740635,-0.06691566460728522,-0.3171340972746311,1.0,0.06984762334900503,-0.16831972407822104,0.059453415263444644,0.14102249397145225,0.09047012484009616,0.08521550648047825,0.04745110516142099,-0.02960386990752539,0.05878740023771113,-0.11670224053273566,0.23665370803507624,0.04600812502882895,0.18117783082987227,-0.05076004832030911,-0.12739746315541436,-0.10905269968994438,0.017466789502292482,0.22642545166503436,-0.32237425474656917,-0.12568280534471993,-0.2640963330261638,0.8818313756910486,-0.012773587096657548,-0.18490153689010988,0.17330831929872748,0.07568979392783232,0.26143378792995037,0.1656401526820781,0.14461800362088634,0.06731575792426522,-0.013395269425102115,-0.12980800954675042,0.19981182915079562,0.13900434883132998,0.14253079007290842,-0.09633747424550237,-0.14506002017580058,-0.06381247637455838,-0.043372148159992865,-0.15714788796842585,-0.12475797386463298,-0.3020634545517985,-0.27860968422353816,-0.056896572278954,-0.12590376346035737,0.01607491014977567,0.10403498920819833,-0.08329788146396881,0.060523902365219144,-0.025371453818287266,0.056010063236509144,0.016768837625820508,-0.19183481301559474,,-0.06998998668139361,-0.06998998668139361,0.1174713025920998,0.10826151673947984,-0.058683970339501686,-0.018928551150887454,-0.027306289140740493,0.13404941400800288,-0.014742224016155039,-0.02332570726004826
2010_amerinds_alskns,0.0476193473177895,0.23173657817785134,-0.04991201323113701,-0.08066421122142606,0.0051520347326603445,0.06984762334900503,1.0,-0.057412730432723526,0.147784317179836,0.06289060349479736,-0.02243492019042335,0.27042684876883744,0.2088175197219144,0.1156985865547442,0.01992113235406868,-0.04524791652658488,0.10361539628230101,0.1058406049278243,-0.03125652430594933,-0.02314953635595448,-0.11552326904755604,-0.13956138253861786,-0.02241924213407306,0.21043367453713985,-0.11822972977721367,-0.1616550219676017,-0.0062922268174840324,0.06883536394254322,0.11217630587121727,-0.04090774764474976,0.08602446433117103,-0.031065820235830214,0.022387473186841863,0.2749344994853612,0.247270136172388,0.16880328259722494,-0.08204564074299213,-0.02509627719393778,0.04055719573091313,0.19730727923322716,-0.027068103081590165,0.05034902250763937,-0.1330380628497117,-0.09523086521749925,-0.03990115653443468,-0.1317004181095215,-0.09667697852954976,-0.26589380215228664,-0.21275699034750345,-0.10528040130557441,-0.1665800025772283,0.0005762189952368349,0.033792245134732564,-0.03678593108494327,-0.016116609204144185,-0.10627088804106527,0.04026073718110314,0.047778220822881586,0.21575066726603245,,-0.09689199490273394,-0.09689199490273394,0.039446914131382044,0.05204912734112396,-0.09347194459053032,0.02052928686814697,-0.0807025125954703,0.14692702643490396,8.169550406023214e-05,0.053705325500743306
2010_nonh_asians,0.14763436048559428,0.23144072198214288,0.15252539863630338,0.26200289256034365,0.0013350112244040623,-0.16831972407822104,-0.057412730432723526,1.0,-0.022136713816417946,-0.011596256384287408,0.11043656226618859,-0.13709684728650107,-0.10318453621495333,0.18525513184562162,0.13992922232325203,0.1964421589825014,0.23837397961553802,0.21915579485452097,0.27166602780787813,0.13209630457764246,0.37788966914120437,0.31307904394996044,0.28082651925711855,0.20152856610920067,0.09611348360927272,0.23507482274636984,-0.030853857610832647,-0.16870428889778977,0.03213122889830037,0.8968877376547292,-0.04817311038300052,0.05695013462233488,0.04654081972062373,-0.13326314666421724,-0.10571792861687576,0.13978781419204342,0.16735706804087572,0.14074569871809894,0.23623674693299188,0.1960027605156261,0.1774049024426413,0.015758180993866763,0.3182155209990655,0.29340778968611864,0.36509661772264584,0.25954565616847697,0.33119660017564345,0.065919872252658,0.1032668178078568,-0.05972377358451487,0.10337806855165545,0.055770099090066076,-0.15001650000138475,-0.008100713915333634,-0.08812725292207219,-0.09826648641842627,-0.06605848248754141,-0.04033989050931057,-0.14305306308509205,,0.08013191251538324,0.08013191251538324,0.0007143508275892461,-0.06023212111100615,0.04947988661476434,-0.05401582990746512,0.0237284008211093,0.024031553759641913,-0.05816381608340338,-0.09963459872570563
2010_nonh_hawaii_pacific,0.2467331559245415,0.29104469667098404,0.07435607957052158,0.14064573694864255,-0.06971475228698461,0.059453415263444644,0.147784317179836,-0.022136713816417946,1.0,0.05711251525139483,0.07703294418613892,0.3209172305274877,0.21704067308107558,0.16889903594890734,0.05890407334785482,-0.0321948125567106,0.2518490702823154,0.061701536631836466,0.02855429743998065,0.002612835742755018,-0.031339731223225434,-0.008128426481390415,0.06653478178464801,0.23587595586223406,0.07735431446218721,0.04593560529225275,-0.08513973054189529,0.02731193920694852,0.19184863127853427,0.011722054624611077,0.6365621903698094,-0.020308235206696907,0.09053377416527991,0.3048025092297943,0.15143411934996298,0.14097712543469737,0.08596035113453813,-0.012458838804594094,0.09051125193895539,0.18691360898192638,-0.012356613308744912,0.08598763883050638,-0.06203617882442593,-0.06376852950618488,-0.02393946688462368,-0.05420889850221533,-0.04387026511937918,-0.2074467101877619,-0.18496201218288802,-0.04990867897234307,-0.08593382838437294,-0.05900747772177104,-0.10191646499557094,-0.003041139487468158,0.030694838763173856,-0.15797182825846873,0.02688956474148525,-0.048165373511387145,-0.1168314018438126,,-0.08688014135556905,-0.08688014135556905,-0.08854432249967521,-0.040027447378413974,0.035554650252056695,0.020568394751586477,-0.20797545642482435,0.1804260209221719,-0.036900461025452004,0.056497650454219776
2010_nonh_others,-0.052494477922623045,0.23627187366415445,0.03288895591042037,-0.06660435752446346,0.1520983984686206,0.14102249397145225,0.06289060349479736,-0.011596256384287408,0.05711251525139483,1.0,0.10708666090878971,0.07366088512717191,0.08777846710005442,0.1907794401821752,0.1778531137403288,0.150192570964695,0.24776372814673286,0.12936753896899406,0.18856649368149112,0.005010242383042616,0.18622190101707461,0.06873958320035846,0.05854994667388007,0.21616109540888212,0.04425142489247806,-0.05813212785964841,0.1989294414893785,0.11687563788868985,0.0896822700575597,-0.017800740951533774,0.020141667154454066,0.0224484214944213,0.22100723939939845,0.08814401399119451,0.06656537230927616,0.1845902862831647,0.09878858243466922,0.1936157536801407,0.27265770544650314,0.17935397437585474,0.20107240137955618,-0.03652920560637866,0.2088519592573852,0.13653815421091461,0.025582578879698375,0.21570793807480929,0.19773697168990306,0.037291273117736265,0.02967536498690541,0.015043262184183004,-0.024761190576987523,-0.017395270477557002,-0.07178677245798816,-0.0349797663839125,-0.03918905880366204,-0.027686655399544454,-0.02373933504228828,0.016016439588517527,0.10129324022860339,,-0.040706902779224036,-0.040706902779224036,-0.02928186052038483,-0.01732310597939732,-0.04527311116162338,0.05369041751589847,0.06438600448981044,0.09810026253274029,0.03701766820027691,-0.029115762395568873
2010_nonh_multi,-0.1145540145663062,0.320235868852303,0.17792509256020686,0.003821693016036583,0.24627098747505669,0.09047012484009616,-0.02243492019042335,0.11043656226618859,0.07703294418613892,0.10708666090878971,1.0,0.038962663144795635,0.09271400767082366,0.21696443903436605,0.19685598627573586,0.22660075104659497,0.45527346969021715,0.13080126105514042,0.3136380884471519,0.12456168166982953,0.30581413437451077,0.2067304101267918,0.18594370411847172,0.3235742141859121,0.19200497698009877,-0.03553224969323243,0.25977644730693356,0.09058624845674997,0.04333173981434416,0.14062456957688496,0.0016433190231131096,0.015850671958121662,0.424140987658766,0.09410147581741435,0.13161763327401976,0.2749361556838673,0.22253536883888866,0.31413993344047664,0.4233410954014179,0.09221147582832756,0.3046497890341006,0.0908308961101536,0.3071239318107426,0.24647226874495695,0.14062564545297268,0.28904619527540193,0.2865710999182987,0.04895405673932983,0.06082145257939963,-0.01739671168209695,-0.06201816382668362,-0.05286742914307666,-0.03855324899252902,-0.004700854847377244,0.024632273354562265,-0.10421779228958708,-0.10243284445673873,-0.018661926868620556,0.1406730266576615,,-0.08446915320737582,-0.08446915320737582,0.04430194258499798,0.05182301403468186,0.05735562792888761,0.10532995501090904,0.004519433207698621,-0.018312641878740106,0.031989376996908674,-0.042105792621663155
2010_hisp_latin,0.03271524554282065,0.699795857395873,-0.04213168800390692,-0.2986794464372756,-0.08265183403458921,0.08521550648047825,0.27042684876883744,-0.13709684728650107,0.3209172305274877,0.07366088512717191,0.038962663144795635,1.0,0.7909027566960836,0.4406807840784672,-0.0752976703657578,0.011833251298481225,0.12975776737107086,0.42797100649895375,-0.005981684869953995,-0.021513701219946623,-0.2771124454068528,-0.2725524127724727,-0.10916317833425908,0.6615626784889844,-0.21729522637018914,-0.4143545389870963,-0.12472602820621778,0.12765365810838278,0.31117872958415005,-0.08675439215635546,0.3085133876358764,0.06172446469182533,0.15518622080865144,0.9394831163409675,0.7447195873071399,0.5028280921637001,-0.12057566349879299,0.0592862301261034,0.13349435765434534,0.4935202237402313,-0.015146890735642626,0.057609516673047076,-0.28410945706591034,-0.3156361138443781,-0.16895218971709539,-0.23296515289943404,-0.24274643066540996,-0.6222019438106046,-0.5817069387637422,-0.10391990817670044,-0.3109419545486146,-0.13331094668149737,-0.13469437209914825,-0.05724071008021176,-0.021636588917171462,-0.05084164749701762,-0.06019892790621162,-0.03765997202607272,0.12298227632903058,,-0.20735769907369087,-0.20735769907369087,-0.08597220341261382,0.0440879483080961,-0.05560072376645958,0.05286045624566959,0.02009471461083521,0.19294757031637394,-0.009881581580637238,0.05729313856160705
2010_construction,-0.03364407155092169,0.6749066778123849,0.029836803866139135,-0.26501853722553054,0.15456832048871802,0.04745110516142099,0.2088175197219144,-0.10318453621495333,0.21704067308107558,0.08777846710005442,0.09271400767082366,0.7909027566960836,1.0,0.47181286128235955,0.026068827833589287,0.11194344106838212,0.17693942296261647,0.4259406092743505,0.11040375041090288,0.035289644726781706,-0.1431793421257452,-0.2221704882467389,-0.1369705402577692,0.6503592104633901,-0.1608052197249992,-0.4067249992757452,0.09549315243709633,0.1399255650957708,0.2830647037145821,-0.0618470674637963,0.13311190396297579,0.0686343746397951,0.13390530609525764,0.7637361248059583,0.678097253038233,0.46044314121204033,-0.03459109205029483,0.16409724020766633,0.22738399160974382,0.4689431207588574,0.11087888906591385,0.09935943705250717,-0.12723349959455812,-0.22364989003478214,-0.1251078906186677,-0.07040569269768422,-0.09200740784277359,-0.478592216982575,-0.45658341168912076,-0.06440785341506375,-0.3279459621524996,-0.31051425914304764,-0.19911030213777633,-0.028055162837377048,-0.03523622717231022,-0.015927989457993542,-0.026397556007028918,-0.034468926306659306,0.07364287012202415,,-0.2087362637529245,-0.2087362637529245,-0.4320429548356309,-0.038510471769090684,-0.05322474783101296,0.061873018814639726,0.09383625381584115,0.16271888351954236,0.014874298960788356,0.03831611520890674
2010_retail,0.03699371712393533,0.6896806389952236,0.298252109031955,-0.08518615657469693,0.47486084335571854,-0.02960386990752539,0.1156985865547442,0.18525513184562162,0.16889903594890734,0.1907794401821752,0.21696443903436605,0.4406807840784672,0.47181286128235955,1.0,0.18481158702606845,0.4086730308176136,0.407607831252255,0.36933958004573425,0.29845263229244434,0.1209054342519295,0.25240477757231994,0.0652533770664028,0.034091425029782116,0.6569706146893008,0.1254411932868052,-0.1973082560612365,0.3968687202562604,0.02603368862758029,0.2223816636592779,0.19702543054113522,0.1262599424524296,0.030330477799699624,0.35090062619758905,0.4452627982177015,0.41909578737134107,0.6078193231826083,0.1222649788549887,0.3856938559377875,0.471555637998397,0.38642074025382445,0.28189371423684817,0.02259633499626221,0.26183428810158155,0.06903631701723548,0.03191820171065855,0.3049759528951205,0.28169562984654833,-0.17255292784975124,-0.16281981698205056,-0.026276233319991793,-0.18178955344256315,-0.11681712450352645,-0.48995650369343985,0.049482325574516595,-0.10880706546218007,-0.050634972378335814,-0.08494874363421354,-0.07131373902687081,0.2834022881397482,,-0.15527151872972828,-0.15527151872972828,-0.08216745547030943,-0.48658344378835555,-0.028425116492960076,-0.009781650385798264,0.13960904611379463,0.11445722115685052,0.02249059864534887,-0.08561614811869576
2010_information,0.18707309126718136,0.2746442206413015,0.3062205545946925,0.23679434306664007,0.3965885329344862,0.05878740023771113,0.01992113235406868,0.13992922232325203,0.05890407334785482,0.1778531137403288,0.19685598627573586,-0.0752976703657578,0.026068827833589287,0.18481158702606845,1.0,0.31857551648735194,0.3625854904199208,0.12781111052133962,0.32808463344888317,0.10470333928603144,0.4751788177907785,0.3309736014631262,0.24387945687719995,0.25916142798122516,0.27846152778799454,0.23252030327554962,0.40069641430986125,0.05050489090700089,-0.04825801454810018,0.1354251930466575,0.04925504431891195,-0.009967626894286872,0.23209025256246754,-0.054743426659092355,0.05678846113213515,0.2592067923340545,0.3453669577602268,0.34457992291207334,0.34750001903103755,0.1596333709625886,0.35231108396102595,0.02071589812945835,0.45543370456599785,0.2928182367649309,0.1970422518058212,0.45461202989307437,0.44815294383991006,0.2689808364391847,0.25554098965588945,0.03801714257055373,0.08213161506380193,0.2173455351993047,-0.003940954861783545,-0.3023049635833809,-0.018207839641142882,-0.11458794629112838,-0.03435369588722999,0.06109065774539003,-0.11572347909242052,,-0.06099521706395859,-0.06099521706395859,0.036728906615707706,0.07166392328144465,-0.4540100252397205,0.040878973556127546,0.018755601542289637,0.07376703892497759,0.0668569576253379,-0.07335986659691086
2010_finance,0.14074852807048924,0.3777795606230144,0.38992327976350605,0.026870937472283283,0.5662151822749869,-0.11670224053273566,-0.04524791652658488,0.1964421589825014,-0.0321948125567106,0.150192570964695,0.22660075104659497,0.011833251298481225,0.11194344106838212,0.4086730308176136,0.31857551648735194,1.0,0.3927141506264688,0.1886804395467401,0.34373241674689003,0.1433497932852135,0.5666083841792782,0.33512527900226224,0.10180195779986378,0.3725708679307033,0.26443682699595467,-0.06739347684767134,0.5069809494301505,-0.05540952607467366,0.00926363091044719,0.20039713792170666,-0.043324191578650195,0.12580688154344508,0.34493952565674957,0.028836654291762687,0.11185749586507417,0.3431481767239136,0.22171058242132993,0.5760366447500469,0.43103743286626833,0.2020876556869155,0.3246684115329412,0.04641212973577811,0.4851329176507559,0.26656887731005136,0.09068926089676331,0.5143004099720277,0.5751931684019317,0.2193206046483322,0.2853390472441567,-0.0997708562131839,-0.11390708062395209,-0.03359761788161757,-0.08969919931188154,-0.06540965413011386,-0.3450999360079404,-0.11792125446244256,-0.053559367071527274,-0.025165501967843413,0.08038605819921792,,-0.03231717926506746,-0.03231717926506746,-0.004252944163108261,-0.09461179483794865,-0.03860079691845723,-0.4300748757652503,0.10039200910688918,0.06464264931107085,0.025909864683970774,-0.0881193943937201
2010_edu_health_social,-0.0016611846606310926,0.6120724468014919,0.316801558907661,0.13598311489416298,0.457758853348549,0.23665370803507624,0.10361539628230101,0.23837397961553802,0.2518490702823154,0.24776372814673286,0.45527346969021715,0.12975776737107086,0.17693942296261647,0.407607831252255,0.3625854904199208,0.3927141506264688,1.0,0.22024551335022435,0.47476105161138793,0.17801823239012032,0.5748993373616919,0.3561844911355115,0.3202290943215924,0.5742463154167372,0.2434824417192038,0.0750147374042022,0.451710439206281,0.20754422066017597,0.09620841921111502,0.21435167969621916,0.21274552924354145,0.10005856473272395,0.4890969101145744,0.18201320082591704,0.2386281405739296,0.3989844611097443,0.35193495285677984,0.41427574968584696,0.750811079690057,0.317394557039051,0.4391524050571822,0.046589107360355764,0.4843506255337796,0.29574456324490495,0.2371099970185386,0.4853707626442098,0.5516996046867874,0.09356372031790779,0.13830378563013512,-0.07072262349468829,-0.03204904496279058,-0.019253910509797335,-0.14471456840761227,-0.027160898966067923,0.0010349571546720993,-0.4845488026784956,-0.03817064107856033,-0.062301966725454676,0.08205222275627257,,-0.1316180930030385,-0.1316180930030385,0.0691400207774827,-0.03195062359915791,0.05062463723946086,0.03880174521361119,-0.2523739519651226,0.18289672901620113,0.026573715285289207,-0.11696989823173318
2010_arts_recreation_accom,0.2275978545532496,0.5188570075913346,-0.06897974249869694,-0.06414017458686631,0.13678386321763733,0.04600812502882895,0.1058406049278243,0.21915579485452097,0.061701536631836466,0.12936753896899406,0.13080126105514042,0.42797100649895375,0.4259406092743505,0.36933958004573425,0.12781111052133962,0.1886804395467401,0.22024551335022435,1.0,0.17442270663401824,0.00941257794254761,0.13842796123926662,0.12775621250482275,0.09569620791411299,0.4816685110289223,-0.027418820499144073,0.006710558509292688,0.14425472039128445,0.018360480525146067,0.14480909708333567,0.21235571802074737,0.06001267773218165,0.07296282199160714,0.20119432554656264,0.4007928227195632,0.3320607184942138,0.47369021452744614,0.18650626173274698,0.2982038436740681,0.265792992010792,0.6673037151821392,0.10669370495799141,0.0739308356034365,0.2262857376358637,0.21274513882238852,0.2358116417115019,0.1861183362454628,0.11848544601141248,-0.130401478397074,-0.17208419488010046,0.06344908360628299,0.0629626000330209,-0.08039325856316715,-0.030329259124581988,-0.029111206963371675,-0.028132164616303225,-0.04338774877145709,-0.38382092821144076,-0.05280008976177895,0.24102814118840918,,0.03223774465705331,0.03223774465705331,-0.13097703398671437,0.09445125903673394,0.07713568079918487,0.12816287895476539,0.09154183905946882,-0.1896640701821388,-0.04450248563822996,0.04258732467224314
2010_public_admin,0.007723294045448988,0.43833404464336473,0.26861050129917974,0.07698055715876305,0.39677876141451784,0.18117783082987227,-0.03125652430594933,0.27166602780787813,0.02855429743998065,0.18856649368149112,0.3136380884471519,-0.005981684869953995,0.11040375041090288,0.29845263229244434,0.32808463344888317,0.34373241674689003,0.47476105161138793,0.17442270663401824,1.0,0.1724190509181418,0.485262008725387,0.2476220579826168,0.13971180238971034,0.41751235363306516,0.15171837705944485,-0.004335729091606765,0.3862510042237253,0.17882863792538586,0.12657755595764228,0.26147372189952206,-0.042386215557643867,0.030829305810331085,0.35578855111159063,0.03374130252729778,0.14941776559677927,0.302511154189825,0.169289452154448,0.3942521739447619,0.5118313617584549,0.19682049575011107,0.4261974793831896,-0.031805179142577265,0.405791594954645,0.2086394287377064,0.2035440935490272,0.4192723374772174,0.49728124943468593,0.09621313226336338,0.1564390315899013,-0.0968805151388559,-0.07033737668605129,-0.05306453918384152,-0.07373030195851164,-0.09497358248462219,-0.047948287624543645,-0.06400934017778166,-0.11522831768245002,-0.3831587262392464,-0.30121995003018587,,-0.08478369955508414,-0.08478369955508414,0.04378199512999784,-0.011982582534145726,-0.09580551937778786,0.06891477312393535,0.10780128787944487,0.07294574100027167,-0.43934594703258917,-0.16578997577009702
2010_armed_forces,-0.10859063766293271,0.08731523894079543,0.1436511906847933,0.058566722259130344,0.11441219873132746,-0.05076004832030911,-0.02314953635595448,0.13209630457764246,0.002612835742755018,0.005010242383042616,0.12456168166982953,-0.021513701219946623,0.035289644726781706,0.1209054342519295,0.10470333928603144,0.1433497932852135,0.17801823239012032,0.00941257794254761,0.1724190509181418,1.0,0.22794879404780566,0.23073162198467606,0.06872916098058464,0.1241210679151985,0.1341285619559099,0.020985901940675743,0.1153307981172726,0.003664416153474552,0.07030447506689468,0.11126837798002538,0.006624092413832475,0.02271307681652199,0.1395791339258725,0.006752022360975328,-0.03146750850449151,0.06331803748295038,0.08995621017116581,0.1898400491140127,0.14708797951624558,0.048969039576186625,0.10593184422421631,0.14383867587058607,0.21859054604978292,0.22150486576030992,0.12476821509344624,0.18709974411330418,0.20045959057892024,0.10232944274517373,0.13377219264009382,-0.04763815982361526,-0.013639356125971145,-0.06784128924423022,-0.04651909727321752,-0.045023833981881235,-0.018560015877547645,-0.08337414565566374,-0.033896938263456286,-0.06172976475743367,0.09632331067720416,,-0.07648792714340277,-0.07648792714340277,-0.08322233098843757,-0.070020203264941,0.003537614994571228,0.05681664550987548,-0.02525289665074728,0.0544902389217621,-0.04353073792683734,-0.7375064928359829
2010_bachelors,0.07849564159459095,0.2695729661523298,0.4179862723220396,0.26675257771105787,0.6246193015943563,-0.12739746315541436,-0.11552326904755604,0.37788966914120437,-0.031339731223225434,0.18622190101707461,0.30581413437451077,-0.2771124454068528,-0.1431793421257452,0.25240477757231994,0.4751788177907785,0.5666083841792782,0.5748993373616919,0.13842796123926662,0.485262008725387,0.22794879404780566,1.0,0.6826091021435373,0.3473775678921345,0.2756539863590298,0.45746399524080333,0.3041509733646162,0.6389260585976594,-0.13935059150420856,-0.06522368213137161,0.39760911641381586,-0.08591060202292074,0.07207351299697252,0.2930019870302502,-0.26174851207958094,-0.14647798921704128,0.19010463809330774,0.4782075464731264,0.5364392414060314,0.5509503801197052,0.13572817658999545,0.4224958359882006,-0.0014825594879080933,0.8404657528334741,0.572295938138467,0.36172621134259747,0.8283922809876454,0.9679692325870952,0.6207651789276524,0.7444597405903972,-0.17508782346465762,0.17005395659040967,0.008502320161731212,-0.1454359327331486,-0.03829391364501655,-0.10611922573798332,-0.1752091767961868,-0.0864835681505558,-0.050020623145471156,-0.1533981968254032,,-0.004862732248725316,-0.004862732248725316,0.0012571398369302994,-0.08245204866911321,0.08247238220286802,-0.011694761678275914,0.02969393530443372,0.030899555079781198,0.000975564050821493,-0.19150109917198258
2010_male<25_bachelors,0.04634520300749949,0.0327372375774163,0.17925255704739415,0.29289154853126037,0.2514431572261791,-0.10905269968994438,-0.13956138253861786,0.31307904394996044,-0.008128426481390415,0.06873958320035846,0.2067304101267918,-0.2725524127724727,-0.2221704882467389,0.0652533770664028,0.3309736014631262,0.33512527900226224,0.3561844911355115,0.12775621250482275,0.2476220579826168,0.23073162198467606,0.6826091021435373,1.0,0.31184073456418177,0.0663460833498824,0.3120884832112139,0.3847030666289074,0.3277029289889094,-0.10241890094118479,-0.03597370377085076,0.3185593526603424,-0.04457105002400985,0.07655448850694938,0.1833845004439704,-0.2908158360623621,-0.2514925710666846,0.03671470026930995,0.5026276926617237,0.33356841050995806,0.3664658405239987,0.10386622593066451,0.18694482122340722,-0.04687039772219258,0.6477409283719221,0.6317561293334675,0.36995677131846183,0.5627191558091109,0.49850169395878824,0.5051804131691041,0.4651624716437986,0.09650297264702237,0.2480832703346047,-0.011835367245963537,-0.07523195769119924,0.04070617282936749,-0.05887677238833435,-0.09549797233253175,-0.06093159249236479,-0.021297641280361178,-0.07583263478086008,,0.20044308657599436,0.20044308657599436,-0.027748500576880844,-0.034994093771104615,0.21841234337145912,0.01107091764855572,0.05519568447293964,0.0003080644661942026,-0.027950866985519664,-0.22480093933800965
2010_female<25_bachelors,0.10466851036176648,0.12011926669525458,0.010515166317671982,0.2467549083037324,0.11028631732587384,0.017466789502292482,-0.02241924213407306,0.28082651925711855,0.06653478178464801,0.05854994667388007,0.18594370411847172,-0.10916317833425908,-0.1369705402577692,0.034091425029782116,0.24387945687719995,0.10180195779986378,0.3202290943215924,0.09569620791411299,0.13971180238971034,0.06872916098058464,0.3473775678921345,0.31184073456418177,1.0,0.1627981074219234,0.1058295609609459,0.3271889205060968,0.17801307022449753,0.0009358004697930591,0.06679600876797828,0.2828198266392795,0.08776641730543738,0.08351068176080058,0.2007930282789294,-0.09375088012270148,-0.06874509417025605,0.11762132009610389,0.38722047102086715,0.2700037803568232,0.36330284592766554,0.13729194031320777,0.1577474348301226,0.02408881542812721,0.3799531933866214,0.444792990289207,0.44662468382643955,0.27664883798884404,0.20426443343432188,0.1479633278140049,0.10490197164921888,0.08150632164994039,0.2184518666319704,0.21236653964154445,0.010360839119024278,0.03927393179230112,0.01549539316421255,-0.0278302017977656,0.04740713455468014,0.058014988187337316,0.44452322332045313,,-0.006156643831659165,-0.006156643831659165,0.08879126953156793,0.09002001214233885,0.17694236907173136,0.18965369787100647,0.09918382114321274,0.0786570646132052,0.036135578338074,-0.04099562102963765
2018_population,0.024704752758221923,0.9438227814192194,0.1284340589605092,-0.11451302066286291,0.4030025326029571,0.22642545166503436,0.21043367453713985,0.20152856610920067,0.23587595586223406,0.21616109540888212,0.3235742141859121,0.6615626784889844,0.6503592104633901,0.6569706146893008,0.25916142798122516,0.3725708679307033,0.5742463154167372,0.4816685110289223,0.41751235363306516,0.1241210679151985,0.2756539863590298,0.0663460833498824,0.1627981074219234,1.0,-0.0253706581952835,-0.23074494470152923,0.39659191401988375,0.3034156708642574,0.313857933536528,0.2672482983656991,0.21846159266768564,0.09626515580184526,0.5394307447841782,0.7213696179561394,0.7013701349868326,0.7431707177090277,0.17807026701982331,0.48356066933673175,0.6368861335049368,0.5961621508734862,0.3881429505418699,0.0682777392847571,0.2946955595342259,0.1107146923969593,0.09834703350460026,0.3243859792443986,0.29325658387593845,-0.33994969513446377,-0.28083870809317124,-0.11961023473022629,-0.22122165084358603,-0.09307094948174083,-0.18109830824369685,-0.039915880726100306,-0.005181733421771573,-0.09611791609558668,-0.051454294705362696,-0.08598487446183938,0.13619903050257834,,-0.19718307217143327,-0.19718307217143327,0.038497637769086934,0.05863086697088108,-0.03357732993036554,0.13680077880373798,0.1564692865123935,0.2708377168383778,0.025301171894894135,-0.05712868576002286
2018_household_income,0.1095134964206133,-0.04324135736700621,0.7033104369138414,0.344543040046637,0.359172985566928,-0.32237425474656917,-0.11822972977721367,0.09611348360927272,0.07735431446218721,0.04425142489247806,0.19200497698009877,-0.21729522637018914,-0.1608052197249992,0.1254411932868052,0.27846152778799454,0.26443682699595467,0.2434824417192038,-0.027418820499144073,0.15171837705944485,0.1341285619559099,0.45746399524080333,0.3120884832112139,0.1058295609609459,-0.0253706581952835,1.0,0.3906259478288698,0.3530120234371578,-0.39363645491899746,-0.12659429969824212,0.18207402008333884,-0.00987639140663052,0.06369585509616038,0.08548105157049687,-0.21865111770180312,-0.16851498646462293,0.05049434760031916,0.33002445335095526,0.3328069924103566,0.16513914157963583,-0.10091871955685786,0.2717591774704403,0.04713585455098455,0.48214700496977325,0.27566670537445204,0.05449171121691119,0.5119042731932161,0.4495395634352935,0.5388521294678082,0.5029471205614674,0.09141683791287153,0.21164807488272566,-0.058446279000892484,-0.12952895549055968,0.013696457107213327,-0.0010037711064362674,-0.14352351788479437,-0.07547626528507569,0.0365159060000116,0.08877822953882954,,0.07150985605173092,0.07150985605173092,-0.003502521364963302,-0.08936886858228703,0.09559957103090792,0.08560303261653826,-0.08733469052448746,-0.1037200514060233,0.13899528005295606,-0.07991961688571314
2018_home_value,0.34546136731794097,-0.2699548085320286,0.09275623272023983,0.7083532674416296,-0.0021805138649341953,-0.12568280534471993,-0.1616550219676017,0.23507482274636984,0.04593560529225275,-0.05813212785964841,-0.03553224969323243,-0.4143545389870963,-0.4067249992757452,-0.1973082560612365,0.23252030327554962,-0.06739347684767134,0.0750147374042022,0.006710558509292688,-0.004335729091606765,0.020985901940675743,0.3041509733646162,0.3847030666289074,0.3271889205060968,-0.23074494470152923,0.3906259478288698,1.0,0.09879721021817175,-0.17354699988744965,-0.1330629065501002,0.25116591422284934,0.1557565679755532,-0.04783363746037466,-0.060044642894122285,-0.45186563583574535,-0.407757758154359,-0.14133155233118325,0.3862653203582127,0.07870613123277204,0.04277397038108129,-0.05415321723703083,0.043088281297636505,-0.04663437079347915,0.39856621717642887,0.47706485813632715,0.32644984790519926,0.30419300754526957,0.2158615862957716,0.44943110752046395,0.3816452298800491,0.14052802762373973,0.7059717120732922,0.08102680529587689,0.14205357848970737,0.07883101708061213,0.028123690726880424,-0.00752534520570831,-0.011315385193685714,0.0024887009992273722,-0.07292371382543997,,0.2894841237815202,0.2894841237815202,0.013801834096107997,0.07245869496747642,0.18491733575699948,0.15878568527681075,-0.03877890974437365,-0.07856610584043557,0.04652749393823164,-0.04936223275584033
2018_nonh_caucasians,-0.010352001796481774,0.32680850883123447,0.3440131014650539,0.07853252194632637,0.9286831958962004,-0.2640963330261638,-0.0062922268174840324,-0.030853857610832647,-0.08513973054189529,0.1989294414893785,0.25977644730693356,-0.12472602820621778,0.09549315243709633,0.3968687202562604,0.40069641430986125,0.5069809494301505,0.451710439206281,0.14425472039128445,0.3862510042237253,0.1153307981172726,0.6389260585976594,0.3277029289889094,0.17801307022449753,0.39659191401988375,0.3530120234371578,0.09879721021817175,1.0,-0.1885353796774539,0.062411266770044466,-0.009078325962424754,-0.14118677985371939,0.004581569207857025,0.4197702235787955,-0.11256001502695549,0.10575839994416372,0.36983843772437835,0.31445776659151176,0.6318798921113934,0.5686454639109869,0.14381151361762645,0.3998526640508047,0.0899548812456783,0.6716827449808168,0.36828427341521647,0.18995031803736986,0.7043847801184049,0.6550209978317064,0.4125771328240952,0.4023162310340034,0.04072350877954422,0.06180646084847868,-0.024012593846352924,-0.12377930802935429,0.02595479908877326,0.000323689914672973,-0.009440126860518585,-0.05453189725081015,-0.07155327396156352,0.18528421456996744,,-0.03357616895581062,-0.03357616895581062,0.00905804325090053,-0.05160989986448359,-0.01475601539327899,0.15729244096296074,0.222202469487766,0.035324842569252946,0.06389426760855188,-0.03498966997225253
2018_nonh_blacks,-0.15699632863296215,0.29350442657271264,-0.31130462207067683,-0.07439716799806663,-0.23821669975148688,0.8818313756910486,0.06883536394254322,-0.16870428889778977,0.02731193920694852,0.11687563788868985,0.09058624845674997,0.12765365810838278,0.1399255650957708,0.02603368862758029,0.05050489090700089,-0.05540952607467366,0.20754422066017597,0.018360480525146067,0.17882863792538586,0.003664416153474552,-0.13935059150420856,-0.10241890094118479,0.0009358004697930591,0.3034156708642574,-0.39363645491899746,-0.17354699988744965,-0.1885353796774539,1.0,0.06004412054646343,-0.2044558693523067,0.13816434584846363,0.03133837543094512,0.28043943767252555,0.17613419928653792,0.17211941079402318,0.11051879465858748,0.0013027371581823355,-0.07068500474008306,0.2170427687481075,0.1130419785520807,0.1809684695653444,-0.07989930726334184,-0.11428918465334728,-0.012724687402117504,-0.06528254290672003,-0.1326665856786626,-0.13900506121215833,-0.332046618215184,-0.31877925441129806,-0.04128453025836833,-0.1818662756678094,-0.055483641426884896,0.07167331645043787,-0.022558289654437413,0.0227096793053354,0.026378293618958947,0.09556806657241305,0.037354408928465775,-0.08642612257206075,,-0.08527180198907029,-0.08527180198907029,0.03431947803472345,0.09151498808984794,-0.03825329048534803,-0.018985563090569226,0.0373005159841768,0.1293888180480715,0.025453592772374488,-0.05758844412073835
2018_amerinds_alskns,-0.04154010891022575,0.284109006421896,-0.06633610964985173,-0.036925100910316935,0.04968351477272813,-0.012773587096657548,0.11217630587121727,0.03213122889830037,0.19184863127853427,0.0896822700575597,0.04333173981434416,0.31117872958415005,0.2830647037145821,0.2223816636592779,-0.04825801454810018,0.00926363091044719,0.09620841921111502,0.14480909708333567,0.12657755595764228,0.07030447506689468,-0.06522368213137161,-0.03597370377085076,0.06679600876797828,0.313857933536528,-0.12659429969824212,-0.1330629065501002,0.062411266770044466,0.06004412054646343,1.0,0.020072577901043376,0.14134602071603672,-0.03609893825875761,0.20482793785219,0.30350616840522104,0.2936957391871587,0.24118212015290957,-0.01879109077567491,0.0421807310821371,0.10097215725937403,0.20679005918911195,0.005239682549268887,-0.049458416991827146,-0.029568107024416174,0.042609557211291935,0.0838468804987487,-0.062274267762199055,-0.07683257206521855,-0.2521782676751546,-0.24421965515566033,-0.027756980096024765,-0.14201747110884747,-0.04145083520785993,-0.05495911587209755,0.014485636763526063,-0.04761125683245795,-0.035280888355930566,0.02168691641328227,-0.1117148519217528,0.10437407978489412,,-0.07137094551362808,-0.07137094551362808,0.002557393639465056,0.008428625157433874,0.01989271359494419,0.0367084210083785,0.017819190198399545,0.11775646048706134,-0.10397882565930043,-0.09250338257993553
2018_nonh_asians,0.15920371494433655,0.24743360006354062,0.1998398056332219,0.27086864261990806,0.04315229239930318,-0.18490153689010988,-0.04090774764474976,0.8968877376547292,0.011722054624611077,-0.017800740951533774,0.14062456957688496,-0.08675439215635546,-0.0618470674637963,0.19702543054113522,0.1354251930466575,0.20039713792170666,0.21435167969621916,0.21235571802074737,0.26147372189952206,0.11126837798002538,0.39760911641381586,0.3185593526603424,0.2828198266392795,0.2672482983656991,0.18207402008333884,0.25116591422284934,-0.009078325962424754,-0.2044558693523067,0.020072577901043376,1.0,-0.04509705049188969,0.05125128546536827,0.0549680086307934,-0.1013618303315925,-0.06602629568212959,0.17587215141565327,0.1935348886004937,0.22259858409850938,0.23092194096447108,0.19764454529094028,0.21158108097223083,-0.02392117095820836,0.392707537841639,0.3404344008668994,0.32342551798979263,0.34331884116907124,0.353179305131934,0.0969394899954184,0.12601830891563423,-0.04392658585549493,0.12108513538515278,0.004066822930738023,-0.11788670843527121,-0.010674801293922315,-0.053732345547119205,-0.069730095863527,-0.08756311089911777,-0.03171934880753672,-0.07381709783640261,,0.077862011913763,0.077862011913763,-0.0028367299418516397,-0.03413070997252394,0.07785526905977447,0.03216845099372726,0.04842732653291522,0.033467704340710676,-0.01543453437969202,-0.10930802415643297
2018_nonh_hawaii_pacific,0.3139785592247951,0.2541826593791422,0.004215245256427195,0.14970351536571574,-0.13620905038204284,0.17330831929872748,0.08602446433117103,-0.04817311038300052,0.6365621903698094,0.020141667154454066,0.0016433190231131096,0.3085133876358764,0.13311190396297579,0.1262599424524296,0.04925504431891195,-0.043324191578650195,0.21274552924354145,0.06001267773218165,-0.042386215557643867,0.006624092413832475,-0.08591060202292074,-0.04457105002400985,0.08776641730543738,0.21846159266768564,-0.00987639140663052,0.1557565679755532,-0.14118677985371939,0.13816434584846363,0.14134602071603672,-0.04509705049188969,1.0,-0.045650268180206496,0.0753381594335336,0.2769295930309464,0.13128399287052608,0.15197755271410093,0.07687000943959453,-0.0043879339568416754,0.11782327678923867,0.20506766365089027,-0.03969643298167126,-0.02289922918314278,-0.0955270174769362,-0.05717666456744654,0.007996420395050897,-0.10287744308127961,-0.10197931514673979,-0.2208989029954532,-0.20095368236777914,-0.04635404219393358,0.07341127665490191,-0.021559020411669388,-0.03660870823875289,-0.038344845708562524,0.002632408786611704,-0.10136683908821571,0.05223536221591918,0.023054947381919766,0.08900534825720169,,-0.0841536464505844,-0.0841536464505844,-0.0071747239859481955,0.021336081172850793,0.034468775301082485,0.04134913641832675,-0.115085516812082,0.2061644764866087,-0.0028583852690427106,-0.021162809294981662
2018_nonh_others,0.024629078627231214,0.08203756841786285,0.04556359011146539,-0.01915495107617218,-0.030633380333912677,0.07568979392783232,-0.031065820235830214,0.05695013462233488,-0.020308235206696907,0.0224484214944213,0.015850671958121662,0.06172446469182533,0.0686343746397951,0.030330477799699624,-0.009967626894286872,0.12580688154344508,0.10005856473272395,0.07296282199160714,0.030829305810331085,0.02271307681652199,0.07207351299697252,0.07655448850694938,0.08351068176080058,0.09626515580184526,0.06369585509616038,-0.04783363746037466,0.004581569207857025,0.03133837543094512,-0.03609893825875761,0.05125128546536827,-0.045650268180206496,1.0,0.025171495585976915,0.06225974537163733,0.07221563065090694,0.08528282449973078,0.008723250818842836,0.026990800039613398,0.08709588958428811,0.16876799647036198,0.08804941621736627,0.15922987039802,0.06933130744388795,0.031110733077481433,-0.053948980236074716,0.0841203647312624,0.05458060409165669,8.097736799794515e-05,0.007884368976393242,-0.013251895765763888,-0.054961354316427034,-0.026416424810173457,-0.021279280990770335,-0.028939692560877115,0.059474378062811556,-0.03164494187646385,0.13792574636414687,-0.053946567379628364,0.3843754953676504,,0.05320296729644527,0.05320296729644527,0.0018515152291923495,0.05878653279211624,0.016075754502804438,-0.10433460170013313,-0.007715438924497108,0.14446224040062494,0.06084261651550584,0.08968371626373055
2018_nonh_multi,-0.04667088036772252,0.49749542937247204,0.1694829257632159,-0.02537268781251938,0.36623203963389694,0.26143378792995037,0.022387473186841863,0.04654081972062373,0.09053377416527991,0.22100723939939845,0.424140987658766,0.15518622080865144,0.13390530609525764,0.35090062619758905,0.23209025256246754,0.34493952565674957,0.4890969101145744,0.20119432554656264,0.35578855111159063,0.1395791339258725,0.2930019870302502,0.1833845004439704,0.2007930282789294,0.5394307447841782,0.08548105157049687,-0.060044642894122285,0.4197702235787955,0.28043943767252555,0.20482793785219,0.0549680086307934,0.0753381594335336,0.025171495585976915,1.0,0.1732867183859653,0.24935122787277153,0.3988015867837081,0.18176292581577314,0.38028684463547163,0.5766287468097315,0.25767480793809344,0.3229900248118396,0.03796798045178427,0.31937469657880835,0.23380975799562959,0.14804653031455192,0.307956153278634,0.2759204030829496,-0.050993930091535536,-0.02789928869928416,-0.04211225341690882,-0.07327003118609225,0.07579725102826507,-0.04314574986937252,-0.05130319143206735,0.02010540018504288,0.0052742476857636465,-0.021842630964621808,-0.05835836472438588,0.15944980026576375,,-0.09015257563170083,-0.09015257563170083,0.13669759994069877,0.033362039113144545,-0.008904316395176241,0.052203840442101385,0.18334063947976836,0.12454108668666303,0.013843934587413844,-0.09073097429795743
2018_hisp_latin,0.003650624357216345,0.7124347138564178,-0.05897144915547681,-0.33852704813303075,-0.053319700594403614,0.1656401526820781,0.2749344994853612,-0.13326314666421724,0.3048025092297943,0.08814401399119451,0.09410147581741435,0.9394831163409675,0.7637361248059583,0.4452627982177015,-0.054743426659092355,0.028836654291762687,0.18201320082591704,0.4007928227195632,0.03374130252729778,0.006752022360975328,-0.26174851207958094,-0.2908158360623621,-0.09375088012270148,0.7213696179561394,-0.21865111770180312,-0.45186563583574535,-0.11256001502695549,0.17613419928653792,0.30350616840522104,-0.1013618303315925,0.2769295930309464,0.06225974537163733,0.1732867183859653,1.0,0.8013666084264843,0.5473495791616608,-0.11350023338715663,0.07979759522295915,0.16890667838835466,0.5035331298495583,0.014721170144803331,0.07276374671138534,-0.270031134950696,-0.3172416443655587,-0.16851046693996274,-0.21461233471971705,-0.22091327451463338,-0.6381894991161031,-0.5768511982724435,-0.140231258241549,-0.3281963421202239,-0.09063580057838258,-0.11884680924602226,-0.05150226120285796,0.009511021084620862,-0.08951931204523672,-0.03091637449858153,-0.06095208379309518,0.11097982817475233,,-0.2363572866567512,-0.2363572866567512,0.017878474930022526,0.0877764592358508,-0.06495470303647971,0.057383730968708586,0.0013082651001873273,0.23521105998825204,-0.014485769828841937,0.0440141997168111
2018_construction,-0.02653231196263826,0.6631409354039579,-0.014263889271107801,-0.2608002167792211,0.12286511053880839,0.14461800362088634,0.247270136172388,-0.10571792861687576,0.15143411934996298,0.06656537230927616,0.13161763327401976,0.7447195873071399,0.678097253038233,0.41909578737134107,0.05678846113213515,0.11185749586507417,0.2386281405739296,0.3320607184942138,0.14941776559677927,-0.03146750850449151,-0.14647798921704128,-0.2514925710666846,-0.06874509417025605,0.7013701349868326,-0.16851498646462293,-0.407757758154359,0.10575839994416372,0.17211941079402318,0.2936957391871587,-0.06602629568212959,0.13128399287052608,0.07221563065090694,0.24935122787277153,0.8013666084264843,1.0,0.531681336377603,-0.07712301099915675,0.17063623806372274,0.29312412799351795,0.3914800831720643,0.166961499283634,0.07304028910800715,-0.12369279556650646,-0.22178153259907687,-0.1225608340617204,-0.06685873131400864,-0.09617830916502709,-0.504566217547859,-0.4677230884428419,-0.09107489992066327,-0.3422449581609431,0.08923274484524334,-0.12303343434575593,-0.0684454470420881,-0.0009648245376619396,-0.040696854992637366,-0.06727748639656142,-0.09055815160914034,0.030447349555407364,,-0.24585932561739418,-0.24585932561739418,0.36986975175857506,0.10076916777955709,-0.11762514394697585,0.06918657131280372,0.10672233629535113,0.16099179120125812,0.03691328172489347,0.07614173337093699
2018_retail,0.15068341972057026,0.6988160150165103,0.16396115853766893,-0.10173830719464273,0.3656070410449798,0.06731575792426522,0.16880328259722494,0.13978781419204342,0.14097712543469737,0.1845902862831647,0.2749361556838673,0.5028280921637001,0.46044314121204033,0.6078193231826083,0.2592067923340545,0.3431481767239136,0.3989844611097443,0.47369021452744614,0.302511154189825,0.06331803748295038,0.19010463809330774,0.03671470026930995,0.11762132009610389,0.7431707177090277,0.05049434760031916,-0.14133155233118325,0.36983843772437835,0.11051879465858748,0.24118212015290957,0.17587215141565327,0.15197755271410093,0.08528282449973078,0.3988015867837081,0.5473495791616608,0.531681336377603,1.0,0.1223474166443394,0.413577786241636,0.4791617876037326,0.5447242655811423,0.29038059437783165,-0.008094775384025888,0.25042015863638617,0.14061809281301607,0.09754907585549474,0.25819284992868363,0.20415914073685076,-0.25345661969333305,-0.23171690259838743,-0.051240606455804354,-0.09948403552019663,-0.03605640845990778,0.07179750184146454,-0.041979219621375,-0.042839008729621195,-0.03329648131776742,-0.0702963039674547,-0.05898022471210642,0.19438149043000588,,-0.16391014258547024,-0.16391014258547024,0.07035401540692297,0.3979764943917954,-0.08651698444828533,0.09088165393375727,0.16241295450099527,0.2115590292709091,0.027417502762380853,-0.058436982475782696
2018_information,0.22287150939888695,0.13201704418532098,0.13233043768975272,0.2501358203838335,0.24038804280709716,-0.013395269425102115,-0.08204564074299213,0.16735706804087572,0.08596035113453813,0.09878858243466922,0.22253536883888866,-0.12057566349879299,-0.03459109205029483,0.1222649788549887,0.3453669577602268,0.22171058242132993,0.35193495285677984,0.18650626173274698,0.169289452154448,0.08995621017116581,0.4782075464731264,0.5026276926617237,0.38722047102086715,0.17807026701982331,0.33002445335095526,0.3862653203582127,0.31445776659151176,0.0013027371581823355,-0.01879109077567491,0.1935348886004937,0.07687000943959453,0.008723250818842836,0.18176292581577314,-0.11350023338715663,-0.07712301099915675,0.1223474166443394,1.0,0.3310987072372203,0.35222145975823677,0.17156042972214894,0.2617334704862759,-0.08626476006258027,0.5712297037603905,0.5920296247567247,0.4223307191565598,0.4725947926447378,0.3846514460471787,0.3743935714426667,0.3358722839716368,0.08657682214639456,0.2775703630021732,0.051577169729751876,-0.0711853539631694,0.35754693884533434,-0.007495109749790031,-0.048095545006786505,-0.053368477459895085,0.03932157268282218,0.005766921434961486,,0.11649209594009435,0.11649209594009435,-0.05090751025364812,-0.00664732773267603,0.679371464653659,0.1292740988689958,0.04007483165453437,0.02672368550482506,0.11388325441339227,-0.13404368996843757
2018_finance,0.12059642711794975,0.40205009803498815,0.26835626638525956,0.08139717958956316,0.5850791022240426,-0.12980800954675042,-0.02509627719393778,0.14074569871809894,-0.012458838804594094,0.1936157536801407,0.31413993344047664,0.0592862301261034,0.16409724020766633,0.3856938559377875,0.34457992291207334,0.5760366447500469,0.41427574968584696,0.2982038436740681,0.3942521739447619,0.1898400491140127,0.5364392414060314,0.33356841050995806,0.2700037803568232,0.48356066933673175,0.3328069924103566,0.07870613123277204,0.6318798921113934,-0.07068500474008306,0.0421807310821371,0.22259858409850938,-0.0043879339568416754,0.026990800039613398,0.38028684463547163,0.07979759522295915,0.17063623806372274,0.413577786241636,0.3310987072372203,1.0,0.5054193164557789,0.28412911001063934,0.41062623873024273,-0.011050451216447476,0.6577911056438861,0.44201878175524895,0.22792899705264474,0.6571435609880787,0.5180673571261123,0.26697453161933765,0.21577503195391254,0.10205029213183499,0.02307076632996803,-0.05242784405447372,-0.09565748150663911,-0.056022384423515925,0.11328874030805398,-0.03822213933084367,-0.08592703964814272,-0.04115248500078523,0.147530940766593,,-0.05859586630502099,-0.05859586630502099,0.0019439520236984096,0.009422038503202817,0.04492104572817105,0.4902258410686263,0.18020102000220142,0.055676771225217594,0.06769110246840127,-0.16618434783439934
2018_edu_health_social,-0.04750252045467039,0.6100932193683118,0.225671923789216,0.06471833175747024,0.5030506672342687,0.19981182915079562,0.04055719573091313,0.23623674693299188,0.09051125193895539,0.27265770544650314,0.4233410954014179,0.13349435765434534,0.22738399160974382,0.471555637998397,0.34750001903103755,0.43103743286626833,0.750811079690057,0.265792992010792,0.5118313617584549,0.14708797951624558,0.5509503801197052,0.3664658405239987,0.36330284592766554,0.6368861335049368,0.16513914157963583,0.04277397038108129,0.5686454639109869,0.2170427687481075,0.10097215725937403,0.23092194096447108,0.11782327678923867,0.08709588958428811,0.5766287468097315,0.16890667838835466,0.29312412799351795,0.4791617876037326,0.35222145975823677,0.5054193164557789,1.0,0.35148184760899515,0.4450464672786353,0.009112936268840004,0.5543736278488601,0.3755023624561751,0.3048923877899837,0.538897426590612,0.5144322076227807,0.08597364501189497,0.10306519285682925,-0.024181589852587487,0.00033034569759862417,-0.03876980746332277,-0.13505021229979702,-0.038817622498975704,-0.011998405585438143,0.07617261694889123,0.006482480856066781,-0.05543077795730866,0.031042412810079953,,-0.12876601298801635,-0.12876601298801635,0.07224238174024522,-0.017619225979162375,0.0626920880453869,0.09860107051850849,0.44965077031483897,0.17912686179848886,0.00045092942187272055,-0.11669760899455471
2018_arts_recreation_accom,0.22003702673922473,0.5846044391641951,-0.08291678671909312,-0.017185856129240364,0.09641879367846648,0.13900434883132998,0.19730727923322716,0.1960027605156261,0.18691360898192638,0.17935397437585474,0.09221147582832756,0.4935202237402313,0.4689431207588574,0.38642074025382445,0.1596333709625886,0.2020876556869155,0.317394557039051,0.6673037151821392,0.19682049575011107,0.048969039576186625,0.13572817658999545,0.10386622593066451,0.13729194031320777,0.5961621508734862,-0.10091871955685786,-0.05415321723703083,0.14381151361762645,0.1130419785520807,0.20679005918911195,0.19764454529094028,0.20506766365089027,0.16876799647036198,0.25767480793809344,0.5035331298495583,0.3914800831720643,0.5447242655811423,0.17156042972214894,0.28412911001063934,0.35148184760899515,1.0,0.15258746329451106,0.048657667010616495,0.20318138271600006,0.15767963135160237,0.2309803446897486,0.17601103458764056,0.11683219426376759,-0.2201516246303182,-0.22431139814449816,-0.0053620872736453735,-0.07657313101815087,-0.10860658182776851,-0.015853748707644996,-0.015238065858700975,0.0036089393581075326,-0.06051950822077662,0.15949262483469906,-0.06459891015552674,0.20499329721893858,,-0.042915936912697183,-0.042915936912697183,-0.11242584886622416,0.1528683701738186,0.038063814019883624,0.09832249431610708,0.08569964356387193,0.6047035954935781,-0.01824860951709456,-0.007716050824299748
2018_public_admin,0.009276597126039761,0.35600527167687485,0.2962116090523933,0.1602640688895981,0.36637455521922774,0.14253079007290842,-0.027068103081590165,0.1774049024426413,-0.012356613308744912,0.20107240137955618,0.3046497890341006,-0.015146890735642626,0.11087888906591385,0.28189371423684817,0.35231108396102595,0.3246684115329412,0.4391524050571822,0.10669370495799141,0.4261974793831896,0.10593184422421631,0.4224958359882006,0.18694482122340722,0.1577474348301226,0.3881429505418699,0.2717591774704403,0.043088281297636505,0.3998526640508047,0.1809684695653444,0.005239682549268887,0.21158108097223083,-0.03969643298167126,0.08804941621736627,0.3229900248118396,0.014721170144803331,0.166961499283634,0.29038059437783165,0.2617334704862759,0.41062623873024273,0.4450464672786353,0.15258746329451106,1.0,0.11809617601672544,0.47212910765126653,0.24975807160967936,0.09342218075559604,0.5031447029613362,0.4366182492448462,0.1691183778567408,0.1371861037168318,0.06379445996489151,-0.06736882991263395,0.03940276617109846,-0.10505381475728844,-0.07397483215738551,0.020406477356738523,-0.13330642405795912,-0.04814661540478986,0.2949256282496124,0.2118849621938975,,-0.07709413647454871,-0.07709413647454871,0.0647085364246759,-0.006197982928763554,-0.026980491768225996,0.10732629497975442,0.05811710016799427,0.08706073209168261,0.6253973665571867,-0.007930622352116945
2018_armed_forces,-0.06920959431992832,0.04292835464736808,0.025644365665707995,0.03291021013008926,0.047575311417838675,-0.09633747424550237,0.05034902250763937,0.015758180993866763,0.08598763883050638,-0.03652920560637866,0.0908308961101536,0.057609516673047076,0.09935943705250717,0.02259633499626221,0.02071589812945835,0.04641212973577811,0.046589107360355764,0.0739308356034365,-0.031805179142577265,0.14383867587058607,-0.0014825594879080933,-0.04687039772219258,0.02408881542812721,0.0682777392847571,0.04713585455098455,-0.04663437079347915,0.0899548812456783,-0.07989930726334184,-0.049458416991827146,-0.02392117095820836,-0.02289922918314278,0.15922987039802,0.03796798045178427,0.07276374671138534,0.07304028910800715,-0.008094775384025888,-0.08626476006258027,-0.011050451216447476,0.009112936268840004,0.048657667010616495,0.11809617601672544,1.0,-0.008463253914132805,-0.013026359910931486,-0.018142509466131523,-0.0040964075428610225,0.008595041609623821,-0.039162458569318236,-0.024318581025400597,-0.027427835989926874,-0.0829202047559871,-0.05717256869183035,-0.06471720844069895,-0.09972302383222562,-0.08769650037749048,-0.06499780570386066,0.025234329755441,0.04072331802469966,0.9156061334142042,,-0.08318592904042377,-0.08318592904042377,-0.03597635347005801,-0.03501135030823793,-0.09809907831404283,-0.061692440464544265,-0.049651483326136274,-0.014914054716754907,0.14470632077552098,0.5622353250803596
2018_bachelors,0.09519153978171077,0.21530019843539136,0.32385508352461084,0.2997012232163853,0.5982332027264482,-0.14506002017580058,-0.1330380628497117,0.3182155209990655,-0.06203617882442593,0.2088519592573852,0.3071239318107426,-0.28410945706591034,-0.12723349959455812,0.26183428810158155,0.45543370456599785,0.4851329176507559,0.4843506255337796,0.2262857376358637,0.405791594954645,0.21859054604978292,0.8404657528334741,0.6477409283719221,0.3799531933866214,0.2946955595342259,0.48214700496977325,0.39856621717642887,0.6716827449808168,-0.11428918465334728,-0.029568107024416174,0.392707537841639,-0.0955270174769362,0.06933130744388795,0.31937469657880835,-0.270031134950696,-0.12369279556650646,0.25042015863638617,0.5712297037603905,0.6577911056438861,0.5543736278488601,0.20318138271600006,0.47212910765126653,-0.008463253914132805,1.0,0.7614010437952832,0.4136914531084781,0.9604922344646455,0.781289117975311,0.7033883830810188,0.5853941030083782,0.24015974117907196,0.28266148910474215,-0.019009425755851805,-0.09960725491305111,0.013091865740964475,-0.005645897976044269,-0.04355030037241453,-0.07342692470560165,-0.023244202919741955,-0.01676075938274363,,0.12665739347784727,0.12665739347784727,0.009058625327104618,-0.026987407931995156,0.18622798019124218,0.20920567046937644,0.15715613093208652,0.02587057415227872,0.11881127199169685,-0.18844459897985555
2018_male<25_bachelors,0.08740352312367286,0.0029488842942299374,0.03450391867809921,0.2744184571244894,0.23231673194172064,-0.06381247637455838,-0.09523086521749925,0.29340778968611864,-0.06376852950618488,0.13653815421091461,0.24647226874495695,-0.3156361138443781,-0.22364989003478214,0.06903631701723548,0.2928182367649309,0.26656887731005136,0.29574456324490495,0.21274513882238852,0.2086394287377064,0.22150486576030992,0.572295938138467,0.6317561293334675,0.444792990289207,0.1107146923969593,0.27566670537445204,0.47706485813632715,0.36828427341521647,-0.012724687402117504,0.042609557211291935,0.3404344008668994,-0.05717666456744654,0.031110733077481433,0.23380975799562959,-0.3172416443655587,-0.22178153259907687,0.14061809281301607,0.5920296247567247,0.44201878175524895,0.3755023624561751,0.15767963135160237,0.24975807160967936,-0.013026359910931486,0.7614010437952832,1.0,0.516282720548018,0.564402944728859,0.4540203084481289,0.45898944816452003,0.4134188178588066,0.10332819821973721,0.40216185054905734,0.020851890361105227,0.0301075098345643,0.10069590397204327,0.05538169084511385,0.032263225989102064,-0.0276792677612896,0.029481619308090158,-0.10824251388421978,,0.17282276849885939,0.17282276849885939,0.01057877015912433,0.07494899209585804,0.3331259459370952,0.20394723726950062,0.15016556261918523,-0.019634371095405556,0.06804932356393265,-0.19399403111043728
2018_female<25_bachelors,0.25211005998115843,0.08358164406358995,-0.06068689631103529,0.2881636178771193,0.12805113346675634,-0.043372148159992865,-0.03990115653443468,0.36509661772264584,-0.02393946688462368,0.025582578879698375,0.14062564545297268,-0.16895218971709539,-0.1251078906186677,0.03191820171065855,0.1970422518058212,0.09068926089676331,0.2371099970185386,0.2358116417115019,0.2035440935490272,0.12476821509344624,0.36172621134259747,0.36995677131846183,0.44662468382643955,0.09834703350460026,0.05449171121691119,0.32644984790519926,0.18995031803736986,-0.06528254290672003,0.0838468804987487,0.32342551798979263,0.007996420395050897,-0.053948980236074716,0.14804653031455192,-0.16851046693996274,-0.1225608340617204,0.09754907585549474,0.4223307191565598,0.22792899705264474,0.3048923877899837,0.2309803446897486,0.09342218075559604,-0.018142509466131523,0.4136914531084781,0.516282720548018,1.0,0.22698495951266687,0.27455423397141265,0.1339588998591342,0.20180977887165275,-0.10770294285475622,0.17778650788542166,0.09092059131746218,-0.01715479956760041,0.08495007578697712,0.01099467101677607,-0.018666535045838487,-0.0329708385534382,-0.03012769192194903,-0.055003579898388714,,-0.01567132739223549,-0.01567132739223549,0.0077606094556739395,0.07044744699822388,0.24689895280654292,0.15503389514210986,0.12601530070433928,0.05233116799504319,-0.08280062774368907,-0.11664582608318412
2018_>25bachelors,0.06012593238731121,0.26188971624878404,0.4067815833226966,0.25196793753401125,0.6647850560528016,-0.15714788796842585,-0.1317004181095215,0.25954565616847697,-0.05420889850221533,0.21570793807480929,0.28904619527540193,-0.23296515289943404,-0.07040569269768422,0.3049759528951205,0.45461202989307437,0.5143004099720277,0.4853707626442098,0.1861183362454628,0.4192723374772174,0.18709974411330418,0.8283922809876454,0.5627191558091109,0.27664883798884404,0.3243859792443986,0.5119042731932161,0.30419300754526957,0.7043847801184049,-0.1326665856786626,-0.062274267762199055,0.34331884116907124,-0.10287744308127961,0.0841203647312624,0.307956153278634,-0.21461233471971705,-0.06685873131400864,0.25819284992868363,0.4725947926447378,0.6571435609880787,0.538897426590612,0.17601103458764056,0.5031447029613362,-0.0040964075428610225,0.9604922344646455,0.564402944728859,0.22698495951266687,1.0,0.8040431761455707,0.7208669537548702,0.5781679688584661,0.28311506126701524,0.20078790246482967,-0.04217645371012726,-0.13442731943040306,-0.027873547090772447,-0.027241762656617763,-0.06386501867139299,-0.0795648110669424,-0.035535077565449616,0.027766161043540283,,0.10423430888224984,0.10423430888224984,0.006960843380166699,-0.06827755194059258,0.09322485860553902,0.17739004408421927,0.1331046319979397,0.0330057416126787,0.1379823728387463,-0.15914867072562053
2010_>25bachelors,0.06831702449859602,0.3009037084841991,0.4518955067418745,0.20711439291736397,0.6680967636628407,-0.12475797386463298,-0.09667697852954976,0.33119660017564345,-0.04387026511937918,0.19773697168990306,0.2865710999182987,-0.24274643066540996,-0.09200740784277359,0.28169562984654833,0.44815294383991006,0.5751931684019317,0.5516996046867874,0.11848544601141248,0.49728124943468593,0.20045959057892024,0.9679692325870952,0.49850169395878824,0.20426443343432188,0.29325658387593845,0.4495395634352935,0.2158615862957716,0.6550209978317064,-0.13900506121215833,-0.07683257206521855,0.353179305131934,-0.10197931514673979,0.05458060409165669,0.2759204030829496,-0.22091327451463338,-0.09617830916502709,0.20415914073685076,0.3846514460471787,0.5180673571261123,0.5144322076227807,0.11683219426376759,0.4366182492448462,0.008595041609623821,0.781289117975311,0.4540203084481289,0.27455423397141265,0.8040431761455707,1.0,0.5860854978900559,0.7522576365992507,-0.2492069439171177,0.10678076332028215,-0.013568951216969306,-0.15529097640249998,-0.06320811744750453,-0.11324994092146451,-0.18064993236131455,-0.09334100750026812,-0.061465032062872814,-0.1907395991795458,,-0.062462365609457414,-0.062462365609457414,-0.0017090771462622686,-0.10082915406637703,0.014780414629660218,-0.041139058963359995,0.007568893090877113,0.027314934905818686,0.004632004687325268,-0.16165194775214595
2018_percent_>25bachelors,0.04783598913256966,-0.3699574625256854,0.3169567312765731,0.2855722571565045,0.36544382916026413,-0.3020634545517985,-0.26589380215228664,0.065919872252658,-0.2074467101877619,0.037291273117736265,0.04895405673932983,-0.6222019438106046,-0.478592216982575,-0.17255292784975124,0.2689808364391847,0.2193206046483322,0.09356372031790779,-0.130401478397074,0.09621313226336338,0.10232944274517373,0.6207651789276524,0.5051804131691041,0.1479633278140049,-0.33994969513446377,0.5388521294678082,0.44943110752046395,0.4125771328240952,-0.332046618215184,-0.2521782676751546,0.0969394899954184,-0.2208989029954532,8.097736799794515e-05,-0.050993930091535536,-0.6381894991161031,-0.504566217547859,-0.25345661969333305,0.3743935714426667,0.26697453161933765,0.08597364501189497,-0.2201516246303182,0.1691183778567408,-0.039162458569318236,0.7033883830810188,0.45898944816452003,0.1339588998591342,0.7208669537548702,0.5860854978900559,1.0,0.832853686627146,0.34040495337992477,0.3682046279126785,0.009785722797199562,-0.018952555608186285,0.040976896961750865,-0.018685363083412003,0.006032369046645428,-0.05579505923337911,0.022829105194992233,-0.08121271770652336,,0.26521323765867916,0.26521323765867916,-0.014139832431007693,-0.07950007278831635,0.14513735549662682,0.061001346663875515,-0.0005766271055432505,-0.1507780350379211,0.08494780781257899,-0.11223926103170168
2010_percent_>25bachelors,0.07395351918039388,-0.30771273123811227,0.3459350469763733,0.26235270419760176,0.37202718658249634,-0.27860968422353816,-0.21275699034750345,0.1032668178078568,-0.18496201218288802,0.02967536498690541,0.06082145257939963,-0.5817069387637422,-0.45658341168912076,-0.16281981698205056,0.25554098965588945,0.2853390472441567,0.13830378563013512,-0.17208419488010046,0.1564390315899013,0.13377219264009382,0.7444597405903972,0.4651624716437986,0.10490197164921888,-0.28083870809317124,0.5029471205614674,0.3816452298800491,0.4023162310340034,-0.31877925441129806,-0.24421965515566033,0.12601830891563423,-0.20095368236777914,0.007884368976393242,-0.02789928869928416,-0.5768511982724435,-0.4677230884428419,-0.23171690259838743,0.3358722839716368,0.21577503195391254,0.10306519285682925,-0.22431139814449816,0.1371861037168318,-0.024318581025400597,0.5853941030083782,0.4134188178588066,0.20180977887165275,0.5781679688584661,0.7522576365992507,0.832853686627146,1.0,-0.2369304860178756,0.27588314109367473,0.019279799456666843,-0.03682040090611963,0.014322069899776826,-0.06820295802005727,-0.061168794564532246,-0.04557791422022434,-0.030281783992346788,-0.21656969628022243,,0.054914033327980026,0.054914033327980026,0.0032473114292841257,-0.06682691142542976,0.1190733273104304,-0.06593883584596369,-0.036039354398519415,-0.11168765687027916,0.0012893183456225944,-0.12838493268224616
change_percent_>25bachelors,-0.0416680806120487,-0.12662796601716836,-0.031334691254717634,0.05556766488005021,0.009447410408356406,-0.056896572278954,-0.10528040130557441,-0.05972377358451487,-0.04990867897234307,0.015043262184183004,-0.01739671168209695,-0.10391990817670044,-0.06440785341506375,-0.026276233319991793,0.03801714257055373,-0.0997708562131839,-0.07072262349468829,0.06344908360628299,-0.0968805151388559,-0.04763815982361526,-0.17508782346465762,0.09650297264702237,0.08150632164994039,-0.11961023473022629,0.09141683791287153,0.14052802762373973,0.04072350877954422,-0.04128453025836833,-0.027756980096024765,-0.04392658585549493,-0.04635404219393358,-0.013251895765763888,-0.04211225341690882,-0.140231258241549,-0.09107489992066327,-0.051240606455804354,0.08657682214639456,0.10205029213183499,-0.024181589852587487,-0.0053620872736453735,0.06379445996489151,-0.027427835989926874,0.24015974117907196,0.10332819821973721,-0.10770294285475622,0.28311506126701524,-0.2492069439171177,0.34040495337992477,-0.2369304860178756,1.0,0.17762365462257867,-0.014622909093012764,0.02928227976416027,0.046927676493237584,0.08343030582446295,0.1145024623646358,-0.02007847671491371,0.09244809839395353,0.2148865552345842,,0.3722307756167605,0.3722307756167605,-0.03033569613866769,-0.026017480753725307,0.05247157638438119,0.21909090571491963,0.0602118260397675,-0.07491929618036507,0.1469155078832949,0.02109189184598858
percent_change_home_value,0.17457438660074434,-0.26081424476285325,-0.07298416664292907,0.024681117705769216,-0.00960944742033556,-0.12590376346035737,-0.1665800025772283,0.10337806855165545,-0.08593382838437294,-0.024761190576987523,-0.06201816382668362,-0.3109419545486146,-0.3279459621524996,-0.18178955344256315,0.08213161506380193,-0.11390708062395209,-0.03204904496279058,0.0629626000330209,-0.07033737668605129,-0.013639356125971145,0.17005395659040967,0.2480832703346047,0.2184518666319704,-0.22122165084358603,0.21164807488272566,0.7059717120732922,0.06180646084847868,-0.1818662756678094,-0.14201747110884747,0.12108513538515278,0.07341127665490191,-0.054961354316427034,-0.07327003118609225,-0.3281963421202239,-0.3422449581609431,-0.09948403552019663,0.2775703630021732,0.02307076632996803,0.00033034569759862417,-0.07657313101815087,-0.06736882991263395,-0.0829202047559871,0.28266148910474215,0.40216185054905734,0.17778650788542166,0.20078790246482967,0.10678076332028215,0.3682046279126785,0.27588314109367473,0.17762365462257867,1.0,0.05268923116579889,0.2439371158426039,0.0749986448414374,0.04441869648131703,0.0954286827925593,-0.04073785924076208,-0.02591812869607819,-0.2719847579237348,,0.4796988681630916,0.4796988681630916,-0.0053953490003366186,0.10057016840754625,0.199310544821873,0.146936037426995,0.04382324954499072,-0.16827639757982557,-0.006227872739254624,-0.04518981899675872
percent_change_construction,0.1680682945850113,-0.1080389283951222,-0.06704136080619544,0.05977869913067633,-0.0534186439293991,0.01607491014977567,0.0005762189952368349,0.055770099090066076,-0.05900747772177104,-0.017395270477557002,-0.05286742914307666,-0.13331094668149737,-0.31051425914304764,-0.11681712450352645,0.2173455351993047,-0.03359761788161757,-0.019253910509797335,-0.08039325856316715,-0.05306453918384152,-0.06784128924423022,0.008502320161731212,-0.011835367245963537,0.21236653964154445,-0.09307094948174083,-0.058446279000892484,0.08102680529587689,-0.024012593846352924,-0.055483641426884896,-0.04145083520785993,0.004066822930738023,-0.021559020411669388,-0.026416424810173457,0.07579725102826507,-0.09063580057838258,0.08923274484524334,-0.03605640845990778,0.051577169729751876,-0.05242784405447372,-0.03876980746332277,-0.10860658182776851,0.03940276617109846,-0.05717256869183035,-0.019009425755851805,0.020851890361105227,0.09092059131746218,-0.04217645371012726,-0.013568951216969306,0.009785722797199562,0.019279799456666843,-0.014622909093012764,0.05268923116579889,1.0,0.08210153061093385,-0.023853970756946466,-0.006864323789066625,-0.0017275092736904352,-0.046683384607724934,0.06666654433340292,-0.20792604681215726,,-0.03818346431410421,-0.03818346431410421,0.4889946960096787,0.09417417356249796,-0.12325654530714669,-0.021732263043282282,-0.030209115460763335,-0.056223776091404526,0.08530346977743797,0.016443299468712324
percent_change_retail,0.06390518365928337,-0.22372185073770026,-0.21790175531154246,-0.03119900820639614,-0.17616251223352158,0.10403498920819833,0.033792245134732564,-0.15001650000138475,-0.10191646499557094,-0.07178677245798816,-0.03855324899252902,-0.13469437209914825,-0.19911030213777633,-0.48995650369343985,-0.003940954861783545,-0.08969919931188154,-0.14471456840761227,-0.030329259124581988,-0.07373030195851164,-0.04651909727321752,-0.1454359327331486,-0.07523195769119924,0.010360839119024278,-0.18109830824369685,-0.12952895549055968,0.14205357848970737,-0.12377930802935429,0.07167331645043787,-0.05495911587209755,-0.11788670843527121,-0.03660870823875289,-0.021279280990770335,-0.04314574986937252,-0.11884680924602226,-0.12303343434575593,0.07179750184146454,-0.0711853539631694,-0.09565748150663911,-0.13505021229979702,-0.015853748707644996,-0.10505381475728844,-0.06471720844069895,-0.09960725491305111,0.0301075098345643,-0.01715479956760041,-0.13442731943040306,-0.15529097640249998,-0.018952555608186285,-0.03682040090611963,0.02928227976416027,0.2439371158426039,0.08210153061093385,1.0,-0.05751596726179176,0.022054256184345353,0.037051492455294766,-0.0006534820650819471,-0.010485863629633921,-0.11368292605909862,,0.2109166800722286,0.2109166800722286,0.10057641816423814,0.6423938288224776,-0.0643412734292837,-0.010073534433050632,-0.002532597512680571,0.011538178927022863,-0.04060593522954182,-0.005288878785175664
percent_change_information,0.018928397187097053,-0.0666569579544044,-0.10067446811849597,0.009360966388476692,0.02553802537938558,-0.08329788146396881,-0.03678593108494327,-0.008100713915333634,-0.003041139487468158,-0.0349797663839125,-0.004700854847377244,-0.05724071008021176,-0.028055162837377048,0.049482325574516595,-0.3023049635833809,-0.06540965413011386,-0.027160898966067923,-0.029111206963371675,-0.09497358248462219,-0.045023833981881235,-0.03829391364501655,0.04070617282936749,0.03927393179230112,-0.039915880726100306,0.013696457107213327,0.07883101708061213,0.02595479908877326,-0.022558289654437413,0.014485636763526063,-0.010674801293922315,-0.038344845708562524,-0.028939692560877115,-0.05130319143206735,-0.05150226120285796,-0.0684454470420881,-0.041979219621375,0.35754693884533434,-0.056022384423515925,-0.038817622498975704,-0.015238065858700975,-0.07397483215738551,-0.09972302383222562,0.013091865740964475,0.10069590397204327,0.08495007578697712,-0.027873547090772447,-0.06320811744750453,0.040976896961750865,0.014322069899776826,0.046927676493237584,0.0749986448414374,-0.023853970756946466,-0.05751596726179176,1.0,0.08252397983115611,0.07556359403146856,0.032615931107673926,0.008477285751995647,-0.00778015427761934,,0.15231945980364175,0.15231945980364175,-0.052257728904127415,-0.10307520370007679,0.5685109501246923,0.007844403146570329,-0.020119713236144365,0.010499370746490086,0.00766153164859025,-0.031821052554513105
percent_change_finance,-0.06795137109706992,-0.06478386029282142,-0.079270689169815,-0.028237255118411134,-0.07213038846803305,0.060523902365219144,-0.016116609204144185,-0.08812725292207219,0.030694838763173856,-0.03918905880366204,0.024632273354562265,-0.021636588917171462,-0.03523622717231022,-0.10880706546218007,-0.018207839641142882,-0.3450999360079404,0.0010349571546720993,-0.028132164616303225,-0.047948287624543645,-0.018560015877547645,-0.10611922573798332,-0.05887677238833435,0.01549539316421255,-0.005181733421771573,-0.0010037711064362674,0.028123690726880424,0.000323689914672973,0.0227096793053354,-0.04761125683245795,-0.053732345547119205,0.002632408786611704,0.059474378062811556,0.02010540018504288,0.009511021084620862,-0.0009648245376619396,-0.042839008729621195,-0.007495109749790031,0.11328874030805398,-0.011998405585438143,0.0036089393581075326,0.020406477356738523,-0.08769650037749048,-0.005645897976044269,0.05538169084511385,0.01099467101677607,-0.027241762656617763,-0.11324994092146451,-0.018685363083412003,-0.06820295802005727,0.08343030582446295,0.04441869648131703,-0.006864323789066625,0.022054256184345353,0.08252397983115611,1.0,0.07099842638939247,0.021654002359543963,0.06513824770794163,-0.10056317617163672,,-0.011547232968464338,-0.011547232968464338,0.04297000683180916,0.0778434729906057,0.007109579962608377,0.490542950495114,-0.018845430344102947,0.034558464394685844,0.06177858519406859,-0.044303515905395476
percent_change_eduhealthsocial,-0.08263009437305806,-0.1683283694936566,-0.2266029540182935,-0.09292234981069038,-0.10535600418697318,-0.025371453818287266,-0.10627088804106527,-0.09826648641842627,-0.15797182825846873,-0.027686655399544454,-0.10421779228958708,-0.05084164749701762,-0.015927989457993542,-0.050634972378335814,-0.11458794629112838,-0.11792125446244256,-0.4845488026784956,-0.04338774877145709,-0.06400934017778166,-0.08337414565566374,-0.1752091767961868,-0.09549797233253175,-0.0278302017977656,-0.09611791609558668,-0.14352351788479437,-0.00752534520570831,-0.009440126860518585,0.026378293618958947,-0.035280888355930566,-0.069730095863527,-0.10136683908821571,-0.03164494187646385,0.0052742476857636465,-0.08951931204523672,-0.040696854992637366,-0.03329648131776742,-0.048095545006786505,-0.03822213933084367,0.07617261694889123,-0.06051950822077662,-0.13330642405795912,-0.06499780570386066,-0.04355030037241453,0.032263225989102064,-0.018666535045838487,-0.06386501867139299,-0.18064993236131455,0.006032369046645428,-0.061168794564532246,0.1145024623646358,0.0954286827925593,-0.0017275092736904352,0.037051492455294766,0.07556359403146856,0.07099842638939247,1.0,0.13937957716857483,0.027401073532720314,-0.03903436725254995,,0.08603431974843061,0.08603431974843061,-0.029802689502918537,0.02186613609076505,0.043934427812423744,0.08352207803074786,0.7668357197203901,-0.033385203589253856,-0.07716374856268936,0.025316163209646712
percent_change_artsrecaccom,-0.056907661010337784,-0.11504422632549105,-0.11183851904564236,0.01926792988956703,-0.11210532425006715,0.056010063236509144,0.04026073718110314,-0.06605848248754141,0.02688956474148525,-0.02373933504228828,-0.10243284445673873,-0.06019892790621162,-0.026397556007028918,-0.08494874363421354,-0.03435369588722999,-0.053559367071527274,-0.03817064107856033,-0.38382092821144076,-0.11522831768245002,-0.033896938263456286,-0.0864835681505558,-0.06093159249236479,0.04740713455468014,-0.051454294705362696,-0.07547626528507569,-0.011315385193685714,-0.05453189725081015,0.09556806657241305,0.02168691641328227,-0.08756311089911777,0.05223536221591918,0.13792574636414687,-0.021842630964621808,-0.03091637449858153,-0.06727748639656142,-0.0702963039674547,-0.053368477459895085,-0.08592703964814272,0.006482480856066781,0.15949262483469906,-0.04814661540478986,0.025234329755441,-0.07342692470560165,-0.0276792677612896,-0.0329708385534382,-0.0795648110669424,-0.09334100750026812,-0.05579505923337911,-0.04557791422022434,-0.02007847671491371,-0.04073785924076208,-0.046683384607724934,-0.0006534820650819471,0.032615931107673926,0.021654002359543963,0.13937957716857483,1.0,0.05088091685898096,0.03911784340657594,,-0.07752916855657593,-0.07752916855657593,-0.04920286759626438,0.02095625457859219,-0.023591454545849544,-0.03769417187528893,0.061145758281889895,0.6211188682836297,0.05166352412828679,0.045766037541896364
percent_change_publicadmin,0.02861904879470153,-0.08135081754353166,0.0076520579269982614,0.04107943190383802,-0.07444202822256173,0.016768837625820508,0.047778220822881586,-0.04033989050931057,-0.048165373511387145,0.016016439588517527,-0.018661926868620556,-0.03765997202607272,-0.034468926306659306,-0.07131373902687081,0.06109065774539003,-0.025165501967843413,-0.062301966725454676,-0.05280008976177895,-0.3831587262392464,-0.06172976475743367,-0.050020623145471156,-0.021297641280361178,0.058014988187337316,-0.08598487446183938,0.0365159060000116,0.0024887009992273722,-0.07155327396156352,0.037354408928465775,-0.1117148519217528,-0.03171934880753672,0.023054947381919766,-0.053946567379628364,-0.05835836472438588,-0.06095208379309518,-0.09055815160914034,-0.05898022471210642,0.03932157268282218,-0.04115248500078523,-0.05543077795730866,-0.06459891015552674,0.2949256282496124,0.04072331802469966,-0.023244202919741955,0.029481619308090158,-0.03012769192194903,-0.035535077565449616,-0.061465032062872814,0.022829105194992233,-0.030281783992346788,0.09244809839395353,-0.02591812869607819,0.06666654433340292,-0.010485863629633921,0.008477285751995647,0.06513824770794163,0.027401073532720314,0.05088091685898096,1.0,0.38297719904675365,,0.006997501486854092,0.006997501486854092,-0.0700189351344146,0.017742195834783876,-0.010013642680460033,-0.01848326122465414,0.002562439026968098,-0.03138468546656854,0.6198380377378834,0.08077387159957879
percent_change_armedforces,0.1477203184899999,0.025501273303986462,0.07331574244253904,0.2928194181917683,0.11154505758254245,-0.19183481301559474,0.21575066726603245,-0.14305306308509205,-0.1168314018438126,0.10129324022860339,0.1406730266576615,0.12298227632903058,0.07364287012202415,0.2834022881397482,-0.11572347909242052,0.08038605819921792,0.08205222275627257,0.24102814118840918,-0.30121995003018587,0.09632331067720416,-0.1533981968254032,-0.07583263478086008,0.44452322332045313,0.13619903050257834,0.08877822953882954,-0.07292371382543997,0.18528421456996744,-0.08642612257206075,0.10437407978489412,-0.07381709783640261,0.08900534825720169,0.3843754953676504,0.15944980026576375,0.11097982817475233,0.030447349555407364,0.19438149043000588,0.005766921434961486,0.147530940766593,0.031042412810079953,0.20499329721893858,0.2118849621938975,0.9156061334142042,-0.01676075938274363,-0.10824251388421978,-0.055003579898388714,0.027766161043540283,-0.1907395991795458,-0.08121271770652336,-0.21656969628022243,0.2148865552345842,-0.2719847579237348,-0.20792604681215726,-0.11368292605909862,-0.00778015427761934,-0.10056317617163672,-0.03903436725254995,0.03911784340657594,0.38297719904675365,1.0,,,,-0.05057598304266083,-0.11700551045342103,0.1054613855449501,0.10087440963382577,-0.05842113245961533,0.08780923769972408,0.5278465695403678,0.33110130286505274
gentrify_elig,,,,,,,,,,,,,,,,,,,,,,,,,,,,,,,,,,,,,,,,,,,,,,,,,,,,,,,,,,,,,,,,,,,,,,
test_two,-0.0019603239913675106,-0.20517698146125998,-0.10746139836948501,-0.040719008589282533,-0.06999975125778882,-0.06998998668139361,-0.09689199490273394,0.08013191251538324,-0.08688014135556905,-0.040706902779224036,-0.08446915320737582,-0.20735769907369087,-0.2087362637529245,-0.15527151872972828,-0.06099521706395859,-0.03231717926506746,-0.1316180930030385,0.03223774465705331,-0.08478369955508414,-0.07648792714340277,-0.004862732248725316,0.20044308657599436,-0.006156643831659165,-0.19718307217143327,0.07150985605173092,0.2894841237815202,-0.03357616895581062,-0.08527180198907029,-0.07137094551362808,0.077862011913763,-0.0841536464505844,0.05320296729644527,-0.09015257563170083,-0.2363572866567512,-0.24585932561739418,-0.16391014258547024,0.11649209594009435,-0.05859586630502099,-0.12876601298801635,-0.042915936912697183,-0.07709413647454871,-0.08318592904042377,0.12665739347784727,0.17282276849885939,-0.01567132739223549,0.10423430888224984,-0.062462365609457414,0.26521323765867916,0.054914033327980026,0.3722307756167605,0.4796988681630916,-0.03818346431410421,0.2109166800722286,0.15231945980364175,-0.011547232968464338,0.08603431974843061,-0.07752916855657593,0.006997501486854092,,,1.0,1.0,-0.03781848491503702,-0.0009471153350264649,0.15829208801533282,-0.030256572486707094,-0.01065220499956884,-0.09105000524102691,-0.0034243609858233865,0.0071493347632998385
gentrified,-0.0019603239913675106,-0.20517698146125998,-0.10746139836948501,-0.040719008589282533,-0.06999975125778882,-0.06998998668139361,-0.09689199490273394,0.08013191251538324,-0.08688014135556905,-0.040706902779224036,-0.08446915320737582,-0.20735769907369087,-0.2087362637529245,-0.15527151872972828,-0.06099521706395859,-0.03231717926506746,-0.1316180930030385,0.03223774465705331,-0.08478369955508414,-0.07648792714340277,-0.004862732248725316,0.20044308657599436,-0.006156643831659165,-0.19718307217143327,0.07150985605173092,0.2894841237815202,-0.03357616895581062,-0.08527180198907029,-0.07137094551362808,0.077862011913763,-0.0841536464505844,0.05320296729644527,-0.09015257563170083,-0.2363572866567512,-0.24585932561739418,-0.16391014258547024,0.11649209594009435,-0.05859586630502099,-0.12876601298801635,-0.042915936912697183,-0.07709413647454871,-0.08318592904042377,0.12665739347784727,0.17282276849885939,-0.01567132739223549,0.10423430888224984,-0.062462365609457414,0.26521323765867916,0.054914033327980026,0.3722307756167605,0.4796988681630916,-0.03818346431410421,0.2109166800722286,0.15231945980364175,-0.011547232968464338,0.08603431974843061,-0.07752916855657593,0.006997501486854092,,,1.0,1.0,-0.03781848491503702,-0.0009471153350264649,0.15829208801533282,-0.030256572486707094,-0.01065220499956884,-0.09105000524102691,-0.0034243609858233865,0.0071493347632998385
change_construction,0.00997304375290759,-0.03944241247322745,-0.055219528181996484,0.014995010537635781,-0.04462838561752599,0.1174713025920998,0.039446914131382044,0.0007143508275892461,-0.08854432249967521,-0.02928186052038483,0.04430194258499798,-0.08597220341261382,-0.4320429548356309,-0.08216745547030943,0.036728906615707706,-0.004252944163108261,0.0691400207774827,-0.13097703398671437,0.04378199512999784,-0.08322233098843757,0.0012571398369302994,-0.027748500576880844,0.08879126953156793,0.038497637769086934,-0.003502521364963302,0.013801834096107997,0.00905804325090053,0.03431947803472345,0.002557393639465056,-0.0028367299418516397,-0.0071747239859481955,0.0018515152291923495,0.13669759994069877,0.017878474930022526,0.36986975175857506,0.07035401540692297,-0.05090751025364812,0.0019439520236984096,0.07224238174024522,-0.11242584886622416,0.0647085364246759,-0.03597635347005801,0.009058625327104618,0.01057877015912433,0.0077606094556739395,0.006960843380166699,-0.0017090771462622686,-0.014139832431007693,0.0032473114292841257,-0.03033569613866769,-0.0053953490003366186,0.4889946960096787,0.10057641816423814,-0.052257728904127415,0.04297000683180916,-0.029802689502918537,-0.04920286759626438,-0.0700189351344146,-0.05057598304266083,,-0.03781848491503702,-0.03781848491503702,1.0,0.17233091239283194,-0.077051012420504,0.0066817641137853195,0.012335345881250128,-0.008147946864451201,0.026492005811735417,0.04499459781007733
change_retail,0.12304159838065877,-0.02795765811115375,-0.16418229715960667,-0.013515907208725732,-0.1463695766025632,0.10826151673947984,0.05204912734112396,-0.06023212111100615,-0.040027447378413974,-0.01732310597939732,0.05182301403468186,0.0440879483080961,-0.038510471769090684,-0.48658344378835555,0.07166392328144465,-0.09461179483794865,-0.03195062359915791,0.09445125903673394,-0.011982582534145726,-0.070020203264941,-0.08245204866911321,-0.034994093771104615,0.09002001214233885,0.05863086697088108,-0.08936886858228703,0.07245869496747642,-0.05160989986448359,0.09151498808984794,0.008428625157433874,-0.03413070997252394,0.021336081172850793,0.05878653279211624,0.033362039113144545,0.0877764592358508,0.10076916777955709,0.3979764943917954,-0.00664732773267603,0.009422038503202817,-0.017619225979162375,0.1528683701738186,-0.006197982928763554,-0.03501135030823793,-0.026987407931995156,0.07494899209585804,0.07044744699822388,-0.06827755194059258,-0.10082915406637703,-0.07950007278831635,-0.06682691142542976,-0.026017480753725307,0.10057016840754625,0.09417417356249796,0.6423938288224776,-0.10307520370007679,0.0778434729906057,0.02186613609076505,0.02095625457859219,0.017742195834783876,-0.11700551045342103,,-0.0009471153350264649,-0.0009471153350264649,0.17233091239283194,1.0,-0.06234560852373328,0.11128787093833928,0.017394784933084106,0.10052274063988888,0.00418107549514231,0.03462056525859941
change_information,0.06532407986974037,-0.08940711627953966,-0.11379933359580094,0.05233186433802337,-0.08186703890690276,-0.058683970339501686,-0.09347194459053032,0.04947988661476434,0.035554650252056695,-0.04527311116162338,0.05735562792888761,-0.05560072376645958,-0.05322474783101296,-0.028425116492960076,-0.4540100252397205,-0.03860079691845723,0.05062463723946086,0.07713568079918487,-0.09580551937778786,0.003537614994571228,0.08247238220286802,0.21841234337145912,0.17694236907173136,-0.03357732993036554,0.09559957103090792,0.18491733575699948,-0.01475601539327899,-0.03825329048534803,0.01989271359494419,0.07785526905977447,0.034468775301082485,0.016075754502804438,-0.008904316395176241,-0.06495470303647971,-0.11762514394697585,-0.08651698444828533,0.679371464653659,0.04492104572817105,0.0626920880453869,0.038063814019883624,-0.026980491768225996,-0.09809907831404283,0.18622798019124218,0.3331259459370952,0.24689895280654292,0.09322485860553902,0.014780414629660218,0.14513735549662682,0.1190733273104304,0.05247157638438119,0.199310544821873,-0.12325654530714669,-0.0643412734292837,0.5685109501246923,0.007109579962608377,0.043934427812423744,-0.023591454545849544,-0.010013642680460033,0.1054613855449501,,0.15829208801533282,0.15829208801533282,-0.077051012420504,-0.06234560852373328,1.0,0.09077138209696697,0.023382562257325434,-0.032307064736076536,0.0558466941525109,-0.06990267039364152
change_finance,-0.016884923344234245,0.04122360404676383,-0.11938131597018341,0.061246358266206245,0.04244416335867401,-0.018928551150887454,0.02052928686814697,-0.05401582990746512,0.020568394751586477,0.05369041751589847,0.10532995501090904,0.05286045624566959,0.061873018814639726,-0.009781650385798264,0.040878973556127546,-0.4300748757652503,0.03880174521361119,0.12816287895476539,0.06891477312393535,0.05681664550987548,-0.011694761678275914,0.01107091764855572,0.18965369787100647,0.13680077880373798,0.08560303261653826,0.15878568527681075,0.15729244096296074,-0.018985563090569226,0.0367084210083785,0.03216845099372726,0.04134913641832675,-0.10433460170013313,0.052203840442101385,0.057383730968708586,0.06918657131280372,0.09088165393375727,0.1292740988689958,0.4902258410686263,0.09860107051850849,0.09832249431610708,0.10732629497975442,-0.061692440464544265,0.20920567046937644,0.20394723726950062,0.15503389514210986,0.17739004408421927,-0.041139058963359995,0.061001346663875515,-0.06593883584596369,0.21909090571491963,0.146936037426995,-0.021732263043282282,-0.010073534433050632,0.007844403146570329,0.490542950495114,0.08352207803074786,-0.03769417187528893,-0.01848326122465414,0.10087440963382577,,-0.030256572486707094,-0.030256572486707094,0.0066817641137853195,0.11128787093833928,0.09077138209696697,1.0,0.09197558817675466,-0.007435098761963497,0.0471336227906767,-0.08958099024785676
change_eduhealthsocial,-0.06734281637100566,0.06606723886926973,-0.09780472957134159,-0.08907770265724237,0.11792968349589351,-0.027306289140740493,-0.0807025125954703,0.0237284008211093,-0.20797545642482435,0.06438600448981044,0.004519433207698621,0.02009471461083521,0.09383625381584115,0.13960904611379463,0.018755601542289637,0.10039200910688918,-0.2523739519651226,0.09154183905946882,0.10780128787944487,-0.02525289665074728,0.02969393530443372,0.05519568447293964,0.09918382114321274,0.1564692865123935,-0.08733469052448746,-0.03877890974437365,0.222202469487766,0.0373005159841768,0.017819190198399545,0.04842732653291522,-0.115085516812082,-0.007715438924497108,0.18334063947976836,0.0013082651001873273,0.10672233629535113,0.16241295450099527,0.04007483165453437,0.18020102000220142,0.44965077031483897,0.08569964356387193,0.05811710016799427,-0.049651483326136274,0.15715613093208652,0.15016556261918523,0.12601530070433928,0.1331046319979397,0.007568893090877113,-0.0005766271055432505,-0.036039354398519415,0.0602118260397675,0.04382324954499072,-0.030209115460763335,-0.002532597512680571,-0.020119713236144365,-0.018845430344102947,0.7668357197203901,0.061145758281889895,0.002562439026968098,-0.05842113245961533,,-0.01065220499956884,-0.01065220499956884,0.012335345881250128,0.017394784933084106,0.023382562257325434,0.09197558817675466,1.0,0.01508562789525723,-0.035274531207237926,-0.012780970204319628
change_artsrecaccom,0.04668818845688716,0.2158329978010804,-0.03554419723831114,0.04593343280544455,-0.01916375393465224,0.13404941400800288,0.14692702643490396,0.024031553759641913,0.1804260209221719,0.09810026253274029,-0.018312641878740106,0.19294757031637394,0.16271888351954236,0.11445722115685052,0.07376703892497759,0.06464264931107085,0.18289672901620113,-0.1896640701821388,0.07294574100027167,0.0544902389217621,0.030899555079781198,0.0003080644661942026,0.0786570646132052,0.2708377168383778,-0.1037200514060233,-0.07856610584043557,0.035324842569252946,0.1293888180480715,0.11775646048706134,0.033467704340710676,0.2061644764866087,0.14446224040062494,0.12454108668666303,0.23521105998825204,0.16099179120125812,0.2115590292709091,0.02672368550482506,0.055676771225217594,0.17912686179848886,0.6047035954935781,0.08706073209168261,-0.014914054716754907,0.02587057415227872,-0.019634371095405556,0.05233116799504319,0.0330057416126787,0.027314934905818686,-0.1507780350379211,-0.11168765687027916,-0.07491929618036507,-0.16827639757982557,-0.056223776091404526,0.011538178927022863,0.010499370746490086,0.034558464394685844,-0.033385203589253856,0.6211188682836297,-0.03138468546656854,0.08780923769972408,,-0.09105000524102691,-0.09105000524102691,-0.008147946864451201,0.10052274063988888,-0.032307064736076536,-0.007435098761963497,0.01508562789525723,1.0,0.023532475872103407,-0.05571360594879863
change_publicadmin,0.0025499898057195157,-0.024572418192013206,0.062449502053662724,0.09274471514987322,0.02156883464370597,-0.014742224016155039,8.169550406023214e-05,-0.05816381608340338,-0.036900461025452004,0.03701766820027691,0.031989376996908674,-0.009881581580637238,0.014874298960788356,0.02249059864534887,0.0668569576253379,0.025909864683970774,0.026573715285289207,-0.04450248563822996,-0.43934594703258917,-0.04353073792683734,0.000975564050821493,-0.027950866985519664,0.036135578338074,0.025301171894894135,0.13899528005295606,0.04652749393823164,0.06389426760855188,0.025453592772374488,-0.10397882565930043,-0.01543453437969202,-0.0028583852690427106,0.06084261651550584,0.013843934587413844,-0.014485769828841937,0.03691328172489347,0.027417502762380853,0.11388325441339227,0.06769110246840127,0.00045092942187272055,-0.01824860951709456,0.6253973665571867,0.14470632077552098,0.11881127199169685,0.06804932356393265,-0.08280062774368907,0.1379823728387463,0.004632004687325268,0.08494780781257899,0.0012893183456225944,0.1469155078832949,-0.006227872739254624,0.08530346977743797,-0.04060593522954182,0.00766153164859025,0.06177858519406859,-0.07716374856268936,0.05166352412828679,0.6198380377378834,0.5278465695403678,,-0.0034243609858233865,-0.0034243609858233865,0.026492005811735417,0.00418107549514231,0.0558466941525109,0.0471336227906767,-0.035274531207237926,0.023532475872103407,1.0,0.1351301022505316
change_armedforces,0.04351448153567403,-0.04367060698621369,-0.10254394460818046,-0.026483161016054357,-0.06314339601503642,-0.02332570726004826,0.053705325500743306,-0.09963459872570563,0.056497650454219776,-0.029115762395568873,-0.042105792621663155,0.05729313856160705,0.03831611520890674,-0.08561614811869576,-0.07335986659691086,-0.0881193943937201,-0.11696989823173318,0.04258732467224314,-0.16578997577009702,-0.7375064928359829,-0.19150109917198258,-0.22480093933800965,-0.04099562102963765,-0.05712868576002286,-0.07991961688571314,-0.04936223275584033,-0.03498966997225253,-0.05758844412073835,-0.09250338257993553,-0.10930802415643297,-0.021162809294981662,0.08968371626373055,-0.09073097429795743,0.0440141997168111,0.07614173337093699,-0.058436982475782696,-0.13404368996843757,-0.16618434783439934,-0.11669760899455471,-0.007716050824299748,-0.007930622352116945,0.5622353250803596,-0.18844459897985555,-0.19399403111043728,-0.11664582608318412,-0.15914867072562053,-0.16165194775214595,-0.11223926103170168,-0.12838493268224616,0.02109189184598858,-0.04518981899675872,0.016443299468712324,-0.005288878785175664,-0.031821052554513105,-0.044303515905395476,0.025316163209646712,0.045766037541896364,0.08077387159957879,0.33110130286505274,,0.0071493347632998385,0.0071493347632998385,0.04499459781007733,0.03462056525859941,-0.06990267039364152,-0.08958099024785676,-0.012780970204319628,-0.05571360594879863,0.1351301022505316,1.0
