,geoid,2010_population,2010_household_income,2010_home_value,2010_nonh_caucasians,2010_nonh_blacks,2010_amerinds_alskns,2010_nonh_asians,2010_nonh_hawaii_pacific,2010_nonh_others,2010_nonh_multi,2010_hisp_latin,2010_construction,2010_retail,2010_information,2010_finance,2010_edu_health_social,2010_arts_recreation_accom,2010_public_admin,2010_armed_forces,2010_bachelors,2010_male<25_bachelors,2010_female<25_bachelors,2018_population,2018_household_income,2018_home_value,2018_nonh_caucasians,2018_nonh_blacks,2018_amerinds_alskns,2018_nonh_asians,2018_nonh_hawaii_pacific,2018_nonh_others,2018_nonh_multi,2018_hisp_latin,2018_construction,2018_retail,2018_information,2018_finance,2018_edu_health_social,2018_arts_recreation_accom,2018_public_admin,2018_armed_forces,2018_bachelors,2018_male<25_bachelors,2018_female<25_bachelors,2018_>25bachelors,2010_>25bachelors,2018_percent_>25bachelors,2010_percent_>25bachelors,change_percent_>25bachelors,percent_change_home_value,percent_change_construction,percent_change_retail,percent_change_information,percent_change_finance,percent_change_eduhealthsocial,percent_change_artsrecaccom,percent_change_publicadmin,percent_change_armedforces,gentrify_elig,test_two,gentrified,change_construction,change_retail,change_information,change_finance,change_eduhealthsocial,change_artsrecaccom,change_publicadmin,change_armedforces
geoid,1.0,0.04683416918225746,0.06129785594953902,0.28506416016541775,-0.013560013659220565,-0.08932985477109101,0.0476193473177895,0.14763436048559428,0.2467331559245415,-0.052494477922623045,-0.1145540145663062,0.03271524554282065,-0.03364407155092169,0.03699371712393533,0.18707309126718136,0.14074852807048924,-0.0016611846606310926,0.2275978545532496,0.007723294045448988,-0.10859063766293271,0.07849564159459095,0.04634520300749949,0.10466851036176648,0.024704752758221923,0.1095134964206133,0.34546136731794097,-0.010352001796481774,-0.15699632863296215,-0.04154010891022575,0.15920371494433655,0.3139785592247951,0.024629078627231214,-0.04667088036772252,0.003650624357216345,-0.02653231196263826,0.15068341972057026,0.22287150939888695,0.12059642711794975,-0.04750252045467039,0.22003702673922473,0.009276597126039761,-0.06920959431992832,0.09519153978171077,0.08740352312367286,0.25211005998115843,0.06012593238731121,0.06831702449859602,0.04783598913256966,0.07395351918039388,-0.0416680806120487,0.17457438660074434,0.1680682945850113,0.06390518365928337,0.018928397187097053,-0.06795137109706992,-0.08263009437305806,-0.056907661010337784,0.02861904879470153,0.1477203184899999,,-0.0019603239913675106,-0.0019603239913675106,0.00997304375290759,0.12304159838065877,0.06532407986974037,-0.016884923344234245,-0.06734281637100566,0.04668818845688716,0.0025499898057195157,0.04351448153567403
2010_population,0.04683416918225746,1.0,0.15750852844555904,-0.12937162761772236,0.3875748636088196,0.27235805327249607,0.23173657817785134,0.23144072198214288,0.29104469667098404,0.23627187366415445,0.320235868852303,0.699795857395873,0.6749066778123849,0.6896806389952236,0.2746442206413015,0.3777795606230144,0.6120724468014919,0.5188570075913346,0.43833404464336473,0.08731523894079543,0.2695729661523298,0.0327372375774163,0.12011926669525458,0.9438227814192194,-0.04324135736700621,-0.2699548085320286,0.32680850883123447,0.29350442657271264,0.284109006421896,0.24743360006354062,0.2541826593791422,0.08203756841786285,0.49749542937247204,0.7124347138564178,0.6631409354039579,0.6988160150165103,0.13201704418532098,0.40205009803498815,0.6100932193683118,0.5846044391641951,0.35600527167687485,0.04292835464736808,0.21530019843539136,0.0029488842942299374,0.08358164406358995,0.26188971624878404,0.3009037084841991,-0.3699574625256854,-0.30771273123811227,-0.12662796601716836,-0.26081424476285325,-0.1080389283951222,-0.22372185073770026,-0.0666569579544044,-0.06478386029282142,-0.1683283694936566,-0.11504422632549105,-0.08135081754353166,0.025501273303986462,,-0.20517698146125998,-0.20517698146125998,-0.03944241247322745,-0.02795765811115375,-0.08940711627953966,0.04122360404676383,0.06606723886926973,0.2158329978010804,-0.024572418192013206,-0.04367060698621369
2010_household_income,0.06129785594953902,0.15750852844555904,1.0,0.21595613044381143,0.43470208712199676,-0.31008149049740635,-0.04991201323113701,0.15252539863630338,0.07435607957052158,0.03288895591042037,0.17792509256020686,-0.04213168800390692,0.029836803866139135,0.298252109031955,0.3062205545946925,0.38992327976350605,0.316801558907661,-0.06897974249869694,0.26861050129917974,0.1436511906847933,0.4179862723220396,0.17925255704739415,0.010515166317671982,0.1284340589605092,0.7033104369138414,0.09275623272023983,0.3440131014650539,-0.31130462207067683,-0.06633610964985173,0.1998398056332219,0.004215245256427195,0.04556359011146539,0.1694829257632159,-0.05897144915547681,-0.014263889271107801,0.16396115853766893,0.13233043768975272,0.26835626638525956,0.225671923789216,-0.08291678671909312,0.2962116090523933,0.025644365665707995,0.32385508352461084,0.03450391867809921,-0.06068689631103529,0.4067815833226966,0.4518955067418745,0.3169567312765731,0.3459350469763733,-0.031334691254717634,-0.07298416664292907,-0.06704136080619544,-0.21790175531154246,-0.10067446811849597,-0.079270689169815,-0.2266029540182935,-0.11183851904564236,0.0076520579269982614,0.07331574244253904,,-0.10746139836948501,-0.10746139836948501,-0.055219528181996484,-0.16418229715960667,-0.11379933359580094,-0.11938131597018341,-0.09780472957134159,-0.03554419723831114,0.062449502053662724,-0.10254394460818046
2010_home_value,0.28506416016541775,-0.12937162761772236,0.21595613044381143,1.0,0.013594555239089852,-0.06691566460728522,-0.08066421122142606,0.26200289256034365,0.14064573694864255,-0.06660435752446346,0.003821693016036583,-0.2986794464372756,-0.26501853722553054,-0.08518615657469693,0.23679434306664007,0.026870937472283283,0.13598311489416298,-0.06414017458686631,0.07698055715876305,0.058566722259130344,0.26675257771105787,0.29289154853126037,0.2467549083037324,-0.11451302066286291,0.344543040046637,0.7083532674416296,0.07853252194632637,-0.07439716799806663,-0.036925100910316935,0.27086864261990806,0.14970351536571574,-0.01915495107617218,-0.02537268781251938,-0.33852704813303075,-0.2608002167792211,-0.10173830719464273,0.2501358203838335,0.08139717958956316,0.06471833175747024,-0.017185856129240364,0.1602640688895981,0.03291021013008926,0.2997012232163853,0.2744184571244894,0.2881636178771193,0.25196793753401125,0.20711439291736397,0.2855722571565045,0.26235270419760176,0.05556766488005021,0.024681117705769216,0.05977869913067633,-0.03119900820639614,0.009360966388476692,-0.028237255118411134,-0.09292234981069038,0.01926792988956703,0.04107943190383802,0.2928194181917683,,-0.040719008589282533,-0.040719008589282533,0.014995010537635781,-0.013515907208725732,0.05233186433802337,0.061246358266206245,-0.08907770265724237,0.04593343280544455,0.09274471514987322,-0.026483161016054357
2010_nonh_caucasians,-0.013560013659220565,0.3875748636088196,0.43470208712199676,0.013594555239089852,1.0,-0.3171340972746311,0.0051520347326603445,0.0013350112244040623,-0.06971475228698461,0.1520983984686206,0.24627098747505669,-0.08265183403458921,0.15456832048871802,0.47486084335571854,0.3965885329344862,0.5662151822749869,0.457758853348549,0.13678386321763733,0.39677876141451784,0.11441219873132746,0.6246193015943563,0.2514431572261791,0.11028631732587384,0.4030025326029571,0.359172985566928,-0.0021805138649341953,0.9286831958962004,-0.23821669975148688,0.04968351477272813,0.04315229239930318,-0.13620905038204284,-0.030633380333912677,0.36623203963389694,-0.053319700594403614,0.12286511053880839,0.3656070410449798,0.24038804280709716,0.5850791022240426,0.5030506672342687,0.09641879367846648,0.36637455521922774,0.047575311417838675,0.5982332027264482,0.23231673194172064,0.12805113346675634,0.6647850560528016,0.6680967636628407,0.36544382916026413,0.37202718658249634,0.009447410408356406,-0.00960944742033556,-0.0534186439293991,-0.17616251223352158,0.02553802537938558,-0.07213038846803305,-0.10535600418697318,-0.11210532425006715,-0.07444202822256173,0.11154505758254245,,-0.06999975125778882,-0.06999975125778882,-0.04462838561752599,-0.1463695766025632,-0.08186703890690276,0.04244416335867401,0.11792968349589351,-0.01916375393465224,0.02156883464370597,-0.06314339601503642
2010_nonh_blacks,-0.08932985477109101,0.27235805327249607,-0.31008149049740635,-0.06691566460728522,-0.3171340972746311,1.0,0.06984762334900503,-0.16831972407822104,0.059453415263444644,0.14102249397145225,0.09047012484009616,0.08521550648047825,0.04745110516142099,-0.02960386990752539,0.05878740023771113,-0.11670224053273566,0.23665370803507624,0.04600812502882895,0.18117783082987227,-0.05076004832030911,-0.12739746315541436,-0.10905269968994438,0.017466789502292482,0.22642545166503436,-0.32237425474656917,-0.12568280534471993,-0.2640963330261638,0.8818313756910486,-0.012773587096657548,-0.18490153689010988,0.17330831929872748,0.07568979392783232,0.26143378792995037,0.1656401526820781,0.14461800362088634,0.06731575792426522,-0.013395269425102115,-0.12980800954675042,0.19981182915079562,0.13900434883132998,0.14253079007290842,-0.09633747424550237,-0.14506002017580058,-0.06381247637455838,-0.043372148159992865,-0.15714788796842585,-0.12475797386463298,-0.3020634545517985,-0.27860968422353816,-0.056896572278954,-0.12590376346035737,0.01607491014977567,0.10403498920819833,-0.08329788146396881,0.060523902365219144,-0.025371453818287266,0.056010063236509144,0.016768837625820508,-0.19183481301559474,,-0.06998998668139361,-0.06998998668139361,0.1174713025920998,0.10826151673947984,-0.058683970339501686,-0.018928551150887454,-0.027306289140740493,0.13404941400800288,-0.014742224016155039,-0.02332570726004826
2010_amerinds_alskns,0.0476193473177895,0.23173657817785134,-0.04991201323113701,-0.08066421122142606,0.0051520347326603445,0.06984762334900503,1.0,-0.057412730432723526,0.147784317179836,0.06289060349479736,-0.02243492019042335,0.27042684876883744,0.2088175197219144,0.1156985865547442,0.01992113235406868,-0.04524791652658488,0.10361539628230101,0.1058406049278243,-0.03125652430594933,-0.02314953635595448,-0.11552326904755604,-0.13956138253861786,-0.02241924213407306,0.21043367453713985,-0.11822972977721367,-0.1616550219676017,-0.0062922268174840324,0.06883536394254322,0.11217630587121727,-0.04090774764474976,0.08602446433117103,-0.031065820235830214,0.022387473186841863,0.2749344994853612,0.247270136172388,0.16880328259722494,-0.08204564074299213,-0.02509627719393778,0.04055719573091313,0.19730727923322716,-0.027068103081590165,0.05034902250763937,-0.1330380628497117,-0.09523086521749925,-0.03990115653443468,-0.1317004181095215,-0.09667697852954976,-0.26589380215228664,-0.21275699034750345,-0.10528040130557441,-0.1665800025772283,0.0005762189952368349,0.033792245134732564,-0.03678593108494327,-0.016116609204144185,-0.10627088804106527,0.04026073718110314,0.047778220822881586,0.21575066726603245,,-0.09689199490273394,-0.09689199490273394,0.039446914131382044,0.05204912734112396,-0.09347194459053032,0.02052928686814697,-0.0807025125954703,0.14692702643490396,8.169550406023214e-05,0.053705325500743306
2010_nonh_asians,0.14763436048559428,0.23144072198214288,0.15252539863630338,0.26200289256034365,0.0013350112244040623,-0.16831972407822104,-0.057412730432723526,1.0,-0.022136713816417946,-0.011596256384287408,0.11043656226618859,-0.13709684728650107,-0.10318453621495333,0.18525513184562162,0.13992922232325203,0.1964421589825014,0.23837397961553802,0.21915579485452097,0.27166602780787813,0.13209630457764246,0.37788966914120437,0.31307904394996044,0.28082651925711855,0.20152856610920067,0.09611348360927272,0.23507482274636984,-0.030853857610832647,-0.16870428889778977,0.03213122889830037,0.8968877376547292,-0.04817311038300052,0.05695013462233488,0.04654081972062373,-0.13326314666421724,-0.10571792861687576,0.13978781419204342,0.16735706804087572,0.14074569871809894,0.23623674693299188,0.1960027605156261,0.1774049024426413,0.015758180993866763,0.3182155209990655,0.29340778968611864,0.36509661772264584,0.25954565616847697,0.33119660017564345,0.065919872252658,0.1032668178078568,-0.05972377358451487,0.10337806855165545,0.055770099090066076,-0.15001650000138475,-0.008100713915333634,-0.08812725292207219,-0.09826648641842627,-0.06605848248754141,-0.04033989050931057,-0.14305306308509205,,0.08013191251538324,0.08013191251538324,0.0007143508275892461,-0.06023212111100615,0.04947988661476434,-0.05401582990746512,0.0237284008211093,0.024031553759641913,-0.05816381608340338,-0.09963459872570563
2010_nonh_hawaii_pacific,0.2467331559245415,0.29104469667098404,0.07435607957052158,0.14064573694864255,-0.06971475228698461,0.059453415263444644,0.147784317179836,-0.022136713816417946,1.0,0.05711251525139483,0.07703294418613892,0.3209172305274877,0.21704067308107558,0.16889903594890734,0.05890407334785482,-0.0321948125567106,0.2518490702823154,0.061701536631836466,0.02855429743998065,0.002612835742755018,-0.031339731223225434,-0.008128426481390415,0.06653478178464801,0.23587595586223406,0.07735431446218721,0.04593560529225275,-0.08513973054189529,0.02731193920694852,0.19184863127853427,0.011722054624611077,0.6365621903698094,-0.020308235206696907,0.09053377416527991,0.3048025092297943,0.15143411934996298,0.14097712543469737,0.08596035113453813,-0.012458838804594094,0.09051125193895539,0.18691360898192638,-0.012356613308744912,0.08598763883050638,-0.06203617882442593,-0.06376852950618488,-0.02393946688462368,-0.05420889850221533,-0.04387026511937918,-0.2074467101877619,-0.18496201218288802,-0.04990867897234307,-0.08593382838437294,-0.05900747772177104,-0.10191646499557094,-0.003041139487468158,0.030694838763173856,-0.15797182825846873,0.02688956474148525,-0.048165373511387145,-0.1168314018438126,,-0.08688014135556905,-0.08688014135556905,-0.08854432249967521,-0.040027447378413974,0.035554650252056695,0.020568394751586477,-0.20797545642482435,0.1804260209221719,-0.036900461025452004,0.056497650454219776
2010_nonh_others,-0.052494477922623045,0.23627187366415445,0.03288895591042037,-0.06660435752446346,0.1520983984686206,0.14102249397145225,0.06289060349479736,-0.011596256384287408,0.05711251525139483,1.0,0.10708666090878971,0.07366088512717191,0.08777846710005442,0.1907794401821752,0.1778531137403288,0.150192570964695,0.24776372814673286,0.12936753896899406,0.18856649368149112,0.005010242383042616,0.18622190101707461,0.06873958320035846,0.05854994667388007,0.21616109540888212,0.04425142489247806,-0.05813212785964841,0.1989294414893785,0.11687563788868985,0.0896822700575597,-0.017800740951533774,0.020141667154454066,0.0224484214944213,0.22100723939939845,0.08814401399119451,0.06656537230927616,0.1845902862831647,0.09878858243466922,0.1936157536801407,0.27265770544650314,0.17935397437585474,0.20107240137955618,-0.03652920560637866,0.2088519592573852,0.13653815421091461,0.025582578879698375,0.21570793807480929,0.19773697168990306,0.037291273117736265,0.02967536498690541,0.015043262184183004,-0.024761190576987523,-0.017395270477557002,-0.07178677245798816,-0.0349797663839125,-0.03918905880366204,-0.027686655399544454,-0.02373933504228828,0.016016439588517527,0.10129324022860339,,-0.040706902779224036,-0.040706902779224036,-0.02928186052038483,-0.01732310597939732,-0.04527311116162338,0.05369041751589847,0.06438600448981044,0.09810026253274029,0.03701766820027691,-0.029115762395568873
2010_nonh_multi,-0.1145540145663062,0.320235868852303,0.17792509256020686,0.003821693016036583,0.24627098747505669,0.09047012484009616,-0.02243492019042335,0.11043656226618859,0.07703294418613892,0.10708666090878971,1.0,0.038962663144795635,0.09271400767082366,0.21696443903436605,0.19685598627573586,0.22660075104659497,0.45527346969021715,0.13080126105514042,0.3136380884471519,0.12456168166982953,0.30581413437451077,0.2067304101267918,0.18594370411847172,0.3235742141859121,0.19200497698009877,-0.03553224969323243,0.25977644730693356,0.09058624845674997,0.04333173981434416,0.14062456957688496,0.0016433190231131096,0.015850671958121662,0.424140987658766,0.09410147581741435,0.13161763327401976,0.2749361556838673,0.22253536883888866,0.31413993344047664,0.4233410954014179,0.09221147582832756,0.3046497890341006,0.0908308961101536,0.3071239318107426,0.24647226874495695,0.14062564545297268,0.28904619527540193,0.2865710999182987,0.04895405673932983,0.06082145257939963,-0.01739671168209695,-0.06201816382668362,-0.05286742914307666,-0.03855324899252902,-0.004700854847377244,0.024632273354562265,-0.10421779228958708,-0.10243284445673873,-0.018661926868620556,0.1406730266576615,,-0.08446915320737582,-0.08446915320737582,0.04430194258499798,0.05182301403468186,0.05735562792888761,0.10532995501090904,0.004519433207698621,-0.018312641878740106,0.031989376996908674,-0.042105792621663155
2010_hisp_latin,0.03271524554282065,0.699795857395873,-0.04213168800390692,-0.2986794464372756,-0.08265183403458921,0.08521550648047825,0.27042684876883744,-0.13709684728650107,0.3209172305274877,0.07366088512717191,0.038962663144795635,1.0,0.7909027566960836,0.4406807840784672,-0.0752976703657578,0.011833251298481225,0.12975776737107086,0.42797100649895375,-0.005981684869953995,-0.021513701219946623,-0.2771124454068528,-0.2725524127724727,-0.10916317833425908,0.6615626784889844,-0.21729522637018914,-0.4143545389870963,-0.12472602820621778,0.12765365810838278,0.31117872958415005,-0.08675439215635546,0.3085133876358764,0.06172446469182533,0.15518622080865144,0.9394831163409675,0.7447195873071399,0.5028280921637001,-0.12057566349879299,0.0592862301261034,0.13349435765434534,0.4935202237402313,-0.015146890735642626,0.057609516673047076,-0.28410945706591034,-0.3156361138443781,-0.16895218971709539,-0.23296515289943404,-0.24274643066540996,-0.6222019438106046,-0.5817069387637422,-0.10391990817670044,-0.3109419545486146,-0.13331094668149737,-0.13469437209914825,-0.05724071008021176,-0.021636588917171462,-0.05084164749701762,-0.06019892790621162,-0.03765997202607272,0.12298227632903058,,-0.20735769907369087,-0.20735769907369087,-0.08597220341261382,0.0440879483080961,-0.05560072376645958,0.05286045624566959,0.02009471461083521,0.19294757031637394,-0.009881581580637238,0.05729313856160705
2010_construction,-0.03364407155092169,0.6749066778123849,0.029836803866139135,-0.26501853722553054,0.15456832048871802,0.04745110516142099,0.2088175197219144,-0.10318453621495333,0.21704067308107558,0.08777846710005442,0.09271400767082366,0.7909027566960836,1.0,0.47181286128235955,0.026068827833589287,0.11194344106838212,0.17693942296261647,0.4259406092743505,0.11040375041090288,0.035289644726781706,-0.1431793421257452,-0.2221704882467389,-0.1369705402577692,0.6503592104633901,-0.1608052197249992,-0.4067249992757452,0.09549315243709633,0.1399255650957708,0.2830647037145821,-0.0618470674637963,0.13311190396297579,0.0686343746397951,0.13390530609525764,0.7637361248059583,0.678097253038233,0.46044314121204033,-0.03459109205029483,0.16409724020766633,0.22738399160974382,0.4689431207588574,0.11087888906591385,0.09935943705250717,-0.12723349959455812,-0.22364989003478214,-0.1251078906186677,-0.07040569269768422,-0.09200740784277359,-0.478592216982575,-0.45658341168912076,-0.06440785341506375,-0.3279459621524996,-0.31051425914304764,-0.19911030213777633,-0.028055162837377048,-0.03523622717231022,-0.015927989457993542,-0.026397556007028918,-0.034468926306659306,0.07364287012202415,,-0.2087362637529245,-0.2087362637529245,-0.4320429548356309,-0.038510471769090684,-0.05322474783101296,0.061873018814639726,0.09383625381584115,0.16271888351954236,0.014874298960788356,0.03831611520890674
2010_retail,0.03699371712393533,0.6896806389952236,0.298252109031955,-0.08518615657469693,0.47486084335571854,-0.02960386990752539,0.1156985865547442,0.18525513184562162,0.16889903594890734,0.1907794401821752,0.21696443903436605,0.4406807840784672,0.47181286128235955,1.0,0.18481158702606845,0.4086730308176136,0.407607831252255,0.36933958004573425,0.29845263229244434,0.1209054342519295,0.25240477757231994,0.0652533770664028,0.034091425029782116,0.6569706146893008,0.1254411932868052,-0.1973082560612365,0.3968687202562604,0.02603368862758029,0.2223816636592779,0.19702543054113522,0.1262599424524296,0.030330477799699624,0.35090062619758905,0.4452627982177015,0.41909578737134107,0.6078193231826083,0.1222649788549887,0.3856938559377875,0.471555637998397,0.38642074025382445,0.28189371423684817,0.02259633499626221,0.26183428810158155,0.06903631701723548,0.03191820171065855,0.3049759528951205,0.28169562984654833,-0.17255292784975124,-0.16281981698205056,-0.026276233319991793,-0.18178955344256315,-0.11681712450352645,-0.48995650369343985,0.049482325574516595,-0.10880706546218007,-0.050634972378335814,-0.08494874363421354,-0.07131373902687081,0.2834022881397482,,-0.15527151872972828,-0.15527151872972828,-0.08216745547030943,-0.48658344378835555,-0.028425116492960076,-0.009781650385798264,0.13960904611379463,0.11445722115685052,0.02249059864534887,-0.08561614811869576
2010_information,0.18707309126718136,0.2746442206413015,0.3062205545946925,0.23679434306664007,0.3965885329344862,0.05878740023771113,0.01992113235406868,0.13992922232325203,0.05890407334785482,0.1778531137403288,0.19685598627573586,-0.0752976703657578,0.026068827833589287,0.18481158702606845,1.0,0.31857551648735194,0.3625854904199208,0.12781111052133962,0.32808463344888317,0.10470333928603144,0.4751788177907785,0.3309736014631262,0.24387945687719995,0.25916142798122516,0.27846152778799454,0.23252030327554962,0.40069641430986125,0.05050489090700089,-0.04825801454810018,0.1354251930466575,0.04925504431891195,-0.009967626894286872,0.23209025256246754,-0.054743426659092355,0.05678846113213515,0.2592067923340545,0.3453669577602268,0.34457992291207334,0.34750001903103755,0.1596333709625886,0.35231108396102595,0.02071589812945835,0.45543370456599785,0.2928182367649309,0.1970422518058212,0.45461202989307437,0.44815294383991006,0.2689808364391847,0.25554098965588945,0.03801714257055373,0.08213161506380193,0.2173455351993047,-0.003940954861783545,-0.3023049635833809,-0.018207839641142882,-0.11458794629112838,-0.03435369588722999,0.06109065774539003,-0.11572347909242052,,-0.06099521706395859,-0.06099521706395859,0.036728906615707706,0.07166392328144465,-0.4540100252397205,0.040878973556127546,0.018755601542289637,0.07376703892497759,0.0668569576253379,-0.07335986659691086
2010_finance,0.14074852807048924,0.3777795606230144,0.38992327976350605,0.026870937472283283,0.5662151822749869,-0.11670224053273566,-0.04524791652658488,0.1964421589825014,-0.0321948125567106,0.150192570964695,0.22660075104659497,0.011833251298481225,0.11194344106838212,0.4086730308176136,0.31857551648735194,1.0,0.3927141506264688,0.1886804395467401,0.34373241674689003,0.1433497932852135,0.5666083841792782,0.33512527900226224,0.10180195779986378,0.3725708679307033,0.26443682699595467,-0.06739347684767134,0.5069809494301505,-0.05540952607467366,0.00926363091044719,0.20039713792170666,-0.043324191578650195,0.12580688154344508,0.34493952565674957,0.028836654291762687,0.11185749586507417,0.3431481767239136,0.22171058242132993,0.5760366447500469,0.43103743286626833,0.2020876556869155,0.3246684115329412,0.04641212973577811,0.4851329176507559,0.26656887731005136,0.09068926089676331,0.5143004099720277,0.5751931684019317,0.2193206046483322,0.2853390472441567,-0.0997708562131839,-0.11390708062395209,-0.03359761788161757,-0.08969919931188154,-0.06540965413011386,-0.3450999360079404,-0.11792125446244256,-0.053559367071527274,-0.025165501967843413,0.08038605819921792,,-0.03231717926506746,-0.03231717926506746,-0.004252944163108261,-0.09461179483794865,-0.03860079691845723,-0.4300748757652503,0.10039200910688918,0.06464264931107085,0.025909864683970774,-0.0881193943937201
2010_edu_health_social,-0.0016611846606310926,0.6120724468014919,0.316801558907661,0.13598311489416298,0.457758853348549,0.23665370803507624,0.10361539628230101,0.23837397961553802,0.2518490702823154,0.24776372814673286,0.45527346969021715,0.12975776737107086,0.17693942296261647,0.407607831252255,0.3625854904199208,0.3927141506264688,1.0,0.22024551335022435,0.47476105161138793,0.17801823239012032,0.5748993373616919,0.3561844911355115,0.3202290943215924,0.5742463154167372,0.2434824417192038,0.0750147374042022,0.451710439206281,0.20754422066017597,0.09620841921111502,0.21435167969621916,0.21274552924354145,0.10005856473272395,0.4890969101145744,0.18201320082591704,0.2386281405739296,0.3989844611097443,0.35193495285677984,0.41427574968584696,0.750811079690057,0.317394557039051,0.4391524050571822,0.046589107360355764,0.4843506255337796,0.29574456324490495,0.2371099970185386,0.4853707626442098,0.5516996046867874,0.09356372031790779,0.13830378563013512,-0.07072262349468829,-0.03204904496279058,-0.019253910509797335,-0.14471456840761227,-0.027160898966067923,0.0010349571546720993,-0.4845488026784956,-0.03817064107856033,-0.062301966725454676,0.08205222275627257,,-0.1316180930030385,-0.1316180930030385,0.0691400207774827,-0.03195062359915791,0.05062463723946086,0.03880174521361119,-0.2523739519651226,0.18289672901620113,0.026573715285289207,-0.11696989823173318
2010_arts_recreation_accom,0.2275978545532496,0.5188570075913346,-0.06897974249869694,-0.06414017458686631,0.13678386321763733,0.04600812502882895,0.1058406049278243,0.21915579485452097,0.061701536631836466,0.12936753896899406,0.13080126105514042,0.42797100649895375,0.4259406092743505,0.36933958004573425,0.12781111052133962,0.1886804395467401,0.22024551335022435,1.0,0.17442270663401824,0.00941257794254761,0.13842796123926662,0.12775621250482275,0.09569620791411299,0.4816685110289223,-0.027418820499144073,0.006710558509292688,0.14425472039128445,0.018360480525146067,0.14480909708333567,0.21235571802074737,0.06001267773218165,0.07296282199160714,0.20119432554656264,0.4007928227195632,0.3320607184942138,0.47369021452744614,0.18650626173274698,0.2982038436740681,0.265792992010792,0.6673037151821392,0.10669370495799141,0.0739308356034365,0.2262857376358637,0.21274513882238852,0.2358116417115019,0.1861183362454628,0.11848544601141248,-0.130401478397074,-0.17208419488010046,0.06344908360628299,0.0629626000330209,-0.08039325856316715,-0.030329259124581988,-0.029111206963371675,-0.028132164616303225,-0.04338774877145709,-0.38382092821144076,-0.05280008976177895,0.24102814118840918,,0.03223774465705331,0.03223774465705331,-0.13097703398671437,0.09445125903673394,0.07713568079918487,0.12816287895476539,0.09154183905946882,-0.1896640701821388,-0.04450248563822996,0.04258732467224314
2010_public_admin,0.007723294045448988,0.43833404464336473,0.26861050129917974,0.07698055715876305,0.39677876141451784,0.18117783082987227,-0.03125652430594933,0.27166602780787813,0.02855429743998065,0.18856649368149112,0.3136380884471519,-0.005981684869953995,0.11040375041090288,0.29845263229244434,0.32808463344888317,0.34373241674689003,0.47476105161138793,0.17442270663401824,1.0,0.1724190509181418,0.485262008725387,0.2476220579826168,0.13971180238971034,0.41751235363306516,0.15171837705944485,-0.004335729091606765,0.3862510042237253,0.17882863792538586,0.12657755595764228,0.26147372189952206,-0.042386215557643867,0.030829305810331085,0.35578855111159063,0.03374130252729778,0.14941776559677927,0.302511154189825,0.169289452154448,0.3942521739447619,0.5118313617584549,0.19682049575011107,0.4261974793831896,-0.031805179142577265,0.405791594954645,0.2086394287377064,0.2035440935490272,0.4192723374772174,0.49728124943468593,0.09621313226336338,0.1564390315899013,-0.0968805151388559,-0.07033737668605129,-0.05306453918384152,-0.07373030195851164,-0.09497358248462219,-0.047948287624543645,-0.06400934017778166,-0.11522831768245002,-0.3831587262392464,-0.30121995003018587,,-0.08478369955508414,-0.08478369955508414,0.04378199512999784,-0.011982582534145726,-0.09580551937778786,0.06891477312393535,0.10780128787944487,0.07294574100027167,-0.43934594703258917,-0.16578997577009702
2010_armed_forces,-0.10859063766293271,0.08731523894079543,0.1436511906847933,0.058566722259130344,0.11441219873132746,-0.05076004832030911,-0.02314953635595448,0.13209630457764246,0.002612835742755018,0.005010242383042616,0.12456168166982953,-0.021513701219946623,0.035289644726781706,0.1209054342519295,0.10470333928603144,0.1433497932852135,0.17801823239012032,0.00941257794254761,0.1724190509181418,1.0,0.22794879404780566,0.23073162198467606,0.06872916098058464,0.1241210679151985,0.1341285619559099,0.020985901940675743,0.1153307981172726,0.003664416153474552,0.07030447506689468,0.11126837798002538,0.006624092413832475,0.02271307681652199,0.1395791339258725,0.006752022360975328,-0.03146750850449151,0.06331803748295038,0.08995621017116581,0.1898400491140127,0.14708797951624558,0.048969039576186625,0.10593184422421631,0.14383867587058607,0.21859054604978292,0.22150486576030992,0.12476821509344624,0.18709974411330418,0.20045959057892024,0.10232944274517373,0.13377219264009382,-0.04763815982361526,-0.013639356125971145,-0.06784128924423022,-0.04651909727321752,-0.045023833981881235,-0.018560015877547645,-0.08337414565566374,-0.033896938263456286,-0.06172976475743367,0.09632331067720416,,-0.07648792714340277,-0.07648792714340277,-0.08322233098843757,-0.070020203264941,0.003537614994571228,0.05681664550987548,-0.02525289665074728,0.0544902389217621,-0.04353073792683734,-0.7375064928359829
2010_bachelors,0.07849564159459095,0.2695729661523298,0.4179862723220396,0.26675257771105787,0.6246193015943563,-0.12739746315541436,-0.11552326904755604,0.37788966914120437,-0.031339731223225434,0.18622190101707461,0.30581413437451077,-0.2771124454068528,-0.1431793421257452,0.25240477757231994,0.4751788177907785,0.5666083841792782,0.5748993373616919,0.13842796123926662,0.485262008725387,0.22794879404780566,1.0,0.6826091021435373,0.3473775678921345,0.2756539863590298,0.45746399524080333,0.3041509733646162,0.6389260585976594,-0.13935059150420856,-0.06522368213137161,0.39760911641381586,-0.08591060202292074,0.07207351299697252,0.2930019870302502,-0.26174851207958094,-0.14647798921704128,0.19010463809330774,0.4782075464731264,0.5364392414060314,0.5509503801197052,0.13572817658999545,0.4224958359882006,-0.0014825594879080933,0.8404657528334741,0.572295938138467,0.36172621134259747,0.8283922809876454,0.9679692325870952,0.6207651789276524,0.7444597405903972,-0.17508782346465762,0.17005395659040967,0.008502320161731212,-0.1454359327331486,-0.03829391364501655,-0.10611922573798332,-0.1752091767961868,-0.0864835681505558,-0.050020623145471156,-0.1533981968254032,,-0.004862732248725316,-0.004862732248725316,0.0012571398369302994,-0.08245204866911321,0.08247238220286802,-0.011694761678275914,0.02969393530443372,0.030899555079781198,0.000975564050821493,-0.19150109917198258
2010_male<25_bachelors,0.04634520300749949,0.0327372375774163,0.17925255704739415,0.29289154853126037,0.2514431572261791,-0.10905269968994438,-0.13956138253861786,0.31307904394996044,-0.008128426481390415,0.06873958320035846,0.2067304101267918,-0.2725524127724727,-0.2221704882467389,0.0652533770664028,0.3309736014631262,0.33512527900226224,0.3561844911355115,0.12775621250482275,0.2476220579826168,0.23073162198467606,0.6826091021435373,1.0,0.31184073456418177,0.0663460833498824,0.3120884832112139,0.3847030666289074,0.3277029289889094,-0.10241890094118479,-0.03597370377085076,0.3185593526603424,-0.04457105002400985,0.07655448850694938,0.1833845004439704,-0.2908158360623621,-0.2514925710666846,0.03671470026930995,0.5026276926617237,0.33356841050995806,0.3664658405239987,0.10386622593066451,0.18694482122340722,-0.04687039772219258,0.6477409283719221,0.6317561293334675,0.36995677131846183,0.5627191558091109,0.49850169395878824,0.5051804131691041,0.4651624716437986,0.09650297264702237,0.2480832703346047,-0.011835367245963537,-0.07523195769119924,0.04070617282936749,-0.05887677238833435,-0.09549797233253175,-0.06093159249236479,-0.021297641280361178,-0.07583263478086008,,0.20044308657599436,0.20044308657599436,-0.027748500576880844,-0.034994093771104615,0.21841234337145912,0.01107091764855572,0.05519568447293964,0.0003080644661942026,-0.027950866985519664,-0.22480093933800965
2010_female<25_bachelors,0.10466851036176648,0.12011926669525458,0.010515166317671982,0.2467549083037324,0.11028631732587384,0.017466789502292482,-0.02241924213407306,0.28082651925711855,0.06653478178464801,0.05854994667388007,0.18594370411847172,-0.10916317833425908,-0.1369705402577692,0.034091425029782116,0.24387945687719995,0.10180195779986378,0.3202290943215924,0.09569620791411299,0.13971180238971034,0.06872916098058464,0.3473775678921345,0.31184073456418177,1.0,0.1627981074219234,0.1058295609609459,0.3271889205060968,0.17801307022449753,0.0009358004697930591,0.06679600876797828,0.2828198266392795,0.08776641730543738,0.08351068176080058,0.2007930282789294,-0.09375088012270148,-0.06874509417025605,0.11762132009610389,0.38722047102086715,0.2700037803568232,0.36330284592766554,0.13729194031320777,0.1577474348301226,0.02408881542812721,0.3799531933866214,0.444792990289207,0.44662468382643955,0.27664883798884404,0.20426443343432188,0.1479633278140049,0.10490197164921888,0.08150632164994039,0.2184518666319704,0.21236653964154445,0.010360839119024278,0.03927393179230112,0.01549539316421255,-0.0278302017977656,0.04740713455468014,0.058014988187337316,0.44452322332045313,,-0.006156643831659165,-0.006156643831659165,0.08879126953156793,0.09002001214233885,0.17694236907173136,0.18965369787100647,0.09918382114321274,0.0786570646132052,0.036135578338074,-0.04099562102963765
2018_population,0.024704752758221923,0.9438227814192194,0.1284340589605092,-0.11451302066286291,0.4030025326029571,0.22642545166503436,0.21043367453713985,0.20152856610920067,0.23587595586223406,0.21616109540888212,0.3235742141859121,0.6615626784889844,0.6503592104633901,0.6569706146893008,0.25916142798122516,0.3725708679307033,0.5742463154167372,0.4816685110289223,0.41751235363306516,0.1241210679151985,0.2756539863590298,0.0663460833498824,0.1627981074219234,1.0,-0.0253706581952835,-0.23074494470152923,0.39659191401988375,0.3034156708642574,0.313857933536528,0.2672482983656991,0.21846159266768564,0.09626515580184526,0.5394307447841782,0.7213696179561394,0.7013701349868326,0.7431707177090277,0.17807026701982331,0.48356066933673175,0.6368861335049368,0.5961621508734862,0.3881429505418699,0.0682777392847571,0.2946955595342259,0.1107146923969593,0.09834703350460026,0.3243859792443986,0.29325658387593845,-0.33994969513446377,-0.28083870809317124,-0.11961023473022629,-0.22122165084358603,-0.09307094948174083,-0.18109830824369685,-0.039915880726100306,-0.005181733421771573,-0.09611791609558668,-0.051454294705362696,-0.08598487446183938,0.13619903050257834,,-0.19718307217143327,-0.19718307217143327,0.038497637769086934,0.05863086697088108,-0.03357732993036554,0.13680077880373798,0.1564692865123935,0.2708377168383778,0.025301171894894135,-0.05712868576002286
2018_household_income,0.1095134964206133,-0.04324135736700621,0.7033104369138414,0.344543040046637,0.359172985566928,-0.32237425474656917,-0.11822972977721367,0.09611348360927272,0.07735431446218721,0.04425142489247806,0.19200497698009877,-0.21729522637018914,-0.1608052197249992,0.1254411932868052,0.27846152778799454,0.26443682699595467,0.2434824417192038,-0.027418820499144073,0.15171837705944485,0.1341285619559099,0.45746399524080333,0.3120884832112139,0.1058295609609459,-0.0253706581952835,1.0,0.3906259478288698,0.3530120234371578,-0.39363645491899746,-0.12659429969824212,0.18207402008333884,-0.00987639140663052,0.06369585509616038,0.08548105157049687,-0.21865111770180312,-0.16851498646462293,0.05049434760031916,0.33002445335095526,0.3328069924103566,0.16513914157963583,-0.10091871955685786,0.2717591774704403,0.04713585455098455,0.48214700496977325,0.27566670537445204,0.05449171121691119,0.5119042731932161,0.4495395634352935,0.5388521294678082,0.5029471205614674,0.09141683791287153,0.21164807488272566,-0.058446279000892484,-0.12952895549055968,0.013696457107213327,-0.0010037711064362674,-0.14352351788479437,-0.07547626528507569,0.0365159060000116,0.08877822953882954,,0.07150985605173092,0.07150985605173092,-0.003502521364963302,-0.08936886858228703,0.09559957103090792,0.08560303261653826,-0.08733469052448746,-0.1037200514060233,0.13899528005295606,-0.07991961688571314
2018_home_value,0.34546136731794097,-0.2699548085320286,0.09275623272023983,0.7083532674416296,-0.0021805138649341953,-0.12568280534471993,-0.1616550219676017,0.23507482274636984,0.04593560529225275,-0.05813212785964841,-0.03553224969323243,-0.4143545389870963,-0.4067249992757452,-0.1973082560612365,0.23252030327554962,-0.06739347684767134,0.0750147374042022,0.006710558509292688,-0.004335729091606765,0.020985901940675743,0.3041509733646162,0.3847030666289074,0.3271889205060968,-0.23074494470152923,0.3906259478288698,1.0,0.09879721021817175,-0.17354699988744965,-0.1330629065501002,0.25116591422284934,0.1557565679755532,-0.04783363746037466,-0.060044642894122285,-0.45186563583574535,-0.407757758154359,-0.14133155233118325,0.3862653203582127,0.07870613123277204,0.04277397038108129,-0.05415321723703083,0.043088281297636505,-0.04663437079347915,0.39856621717642887,0.47706485813632715,0.32644984790519926,0.30419300754526957,0.2158615862957716,0.44943110752046395,0.3816452298800491,0.14052802762373973,0.7059717120732922,0.08102680529587689,0.14205357848970737,0.07883101708061213,0.028123690726880424,-0.00752534520570831,-0.011315385193685714,0.0024887009992273722,-0.07292371382543997,,0.2894841237815202,0.2894841237815202,0.013801834096107997,0.07245869496747642,0.18491733575699948,0.15878568527681075,-0.03877890974437365,-0.07856610584043557,0.04652749393823164,-0.04936223275584033
2018_nonh_caucasians,-0.010352001796481774,0.32680850883123447,0.3440131014650539,0.07853252194632637,0.9286831958962004,-0.2640963330261638,-0.0062922268174840324,-0.030853857610832647,-0.08513973054189529,0.1989294414893785,0.25977644730693356,-0.12472602820621778,0.09549315243709633,0.3968687202562604,0.40069641430986125,0.5069809494301505,0.451710439206281,0.14425472039128445,0.3862510042237253,0.1153307981172726,0.6389260585976594,0.3277029289889094,0.17801307022449753,0.39659191401988375,0.3530120234371578,0.09879721021817175,1.0,-0.1885353796774539,0.062411266770044466,-0.009078325962424754,-0.14118677985371939,0.004581569207857025,0.4197702235787955,-0.11256001502695549,0.10575839994416372,0.36983843772437835,0.31445776659151176,0.6318798921113934,0.5686454639109869,0.14381151361762645,0.3998526640508047,0.0899548812456783,0.6716827449808168,0.36828427341521647,0.18995031803736986,0.7043847801184049,0.6550209978317064,0.4125771328240952,0.4023162310340034,0.04072350877954422,0.06180646084847868,-0.024012593846352924,-0.12377930802935429,0.02595479908877326,0.000323689914672973,-0.009440126860518585,-0.05453189725081015,-0.07155327396156352,0.18528421456996744,,-0.03357616895581062,-0.03357616895581062,0.00905804325090053,-0.05160989986448359,-0.01475601539327899,0.15729244096296074,0.222202469487766,0.035324842569252946,0.06389426760855188,-0.03498966997225253
