,geoid,2010_population,2010_household_income,2010_home_value,2010_nonh_caucasians,2010_nonh_blacks,2010_amerinds_alskns,2010_nonh_asians,2010_nonh_hawaii_pacific,2010_nonh_others,2010_nonh_multi,2010_hisp_latin,2010_construction,2010_retail,2010_information,2010_finance,2010_edu_health_social,2010_arts_recreation_accom,2010_public_admin,2010_armed_forces,2010_bachelors,2010_male<25_bachelors,2010_female<25_bachelors,2018_population,2018_household_income,2018_home_value,2018_nonh_caucasians,2018_nonh_blacks,2018_amerinds_alskns,2018_nonh_asians,2018_nonh_hawaii_pacific,2018_nonh_others,2018_nonh_multi,2018_hisp_latin,2018_construction,2018_retail,2018_information,2018_finance,2018_edu_health_social,2018_arts_recreation_accom,2018_public_admin,2018_armed_forces,2018_bachelors,2018_male<25_bachelors,2018_female<25_bachelors,2018_>25bachelors,2010_>25bachelors,2018_percent_>25bachelors,2010_percent_>25bachelors,change_percent_>25bachelors,percent_change_home_value,percent_change_construction,percent_change_retail,percent_change_information,percent_change_finance,percent_change_eduhealthsocial,percent_change_artsrecaccom,percent_change_publicadmin,percent_change_armedforces,gentrify_elig,test_two,gentrified
geoid,1.0,0.0035251801956647727,0.12415887838170513,0.475390785688401,0.07732993675026359,-0.27892488607000665,-0.02817068275144783,0.12955601494353639,0.06147082057520008,-0.06926756237437036,-0.10146989234008044,-0.06666350150903491,-0.09152084173528038,0.02201011124490823,0.2238463874085388,0.20537067078344337,0.05932056248751048,0.244070168895941,0.04374223798410383,-0.10687696176535064,0.24813008876497433,0.2880983605926415,0.21141739439386342,-0.016771347666287236,0.2034487674659365,0.5021449963820492,0.08868926786182937,-0.31636952963731096,-0.15804542341515743,0.08939223284207375,0.03036365140209457,0.04785202792674906,-0.07655292283182188,-0.08894727464808581,-0.0873895790467811,0.09490436420775215,0.3325380930043941,0.2111812538885336,0.017803975488865236,0.21459035218021733,0.00951498885621965,-0.05872331853041762,0.22425425308058597,0.28710799822961003,0.20000110350589603,0.15911052614618465,0.19144678962207615,0.22637241441315614,0.24783456515331612,-0.056759668239896324,0.3487787187492548,0.021427307543743185,0.010480764866540497,0.040117973712442245,-0.029020015968290357,-0.09032355915666665,-0.03700414240751041,-0.040092964258334356,0.03834499844976552,-0.3394606810062043,0.09454404693875965,-0.07638262813586348
2010_population,0.0035251801956647727,1.0,0.05215974406725975,-0.04688637268039939,0.46697636270051834,0.18117011249933954,0.25812207675326454,0.4238265413500786,0.21235271991187712,0.21746558246885966,0.49450454961008045,0.4964349768237361,0.5294973562423715,0.7157881322288299,0.36655310348998915,0.5123081742957893,0.6580123036394397,0.4711149265679757,0.48786817472777394,0.13608251771477745,0.5213106806495317,0.20744624507613477,0.14778882862619772,0.9235683601344599,-0.01032931055967045,-0.09986374845370753,0.4280096337446594,0.19938571093073962,0.2092610319908405,0.4136828669539335,0.23477571854707457,0.14253014720640286,0.5634184586408244,0.4846929176062095,0.5216838798989679,0.6653965697344436,0.29293664713936374,0.45496624249906625,0.6859789188904837,0.5351587980189474,0.5115330917009466,0.046666077992428466,0.5268275382486106,0.20193912593854346,0.198658243612926,0.5459319972043638,0.5334182280924584,-0.14567606750944642,-0.13558803271552683,-0.006377207565347216,-0.18060272689257095,-0.011822373057345912,-0.1821320118124366,-0.05996293211474267,-0.07926477868616491,-0.08889870451604814,-0.08333779282194607,-0.02818827582059227,0.10610768473632935,-0.05601012434876009,-0.12014633169517185,-0.11386978405001984
2010_household_income,0.12415887838170513,0.05215974406725975,1.0,0.6661892494233638,0.4943811354506405,-0.4327145936146426,-0.1668795163373586,0.0575511098597672,-0.14275047245146197,-0.021431311381994837,0.13427363738271775,-0.4022556242246687,-0.21466962816992374,-0.10132271562412115,0.23777227589380384,0.37485949934583124,0.09997596828611106,-0.29637500741189554,0.08376212701941702,0.001063738821438174,0.486489237853407,0.02612869464832391,0.02686394147721799,0.04747266003836101,0.895126074487197,0.6420642562064287,0.4522054180302305,-0.42581147612685055,-0.211816447318549,0.11456048368661963,-0.12201683023522479,-0.012051398261724603,0.10543836373968102,-0.4183086606585656,-0.24486317655303336,-0.15796013746060486,0.1921577423120879,0.36470958400643755,0.02746788054674939,-0.3388088671253575,0.0006246676571607789,-0.03134273224028583,0.391715627589115,-0.08139572200980047,0.004648489054517509,0.49126015817888535,0.5516111504768775,0.5732590996169656,0.6254737151812287,-0.1399029561430939,0.3148039298850411,-0.03435020378209773,-0.034955825015985514,-0.01105033752672031,-0.1040988902509907,-0.13628989643107525,0.08623577495434558,-0.1081492295028164,-0.017460293845531966,-0.6024331038744785,-0.007385122955223247,-0.1550020077227667
2010_home_value,0.475390785688401,-0.04688637268039939,0.6661892494233638,1.0,0.4682426374723412,-0.4763489749449419,-0.1941911028539618,0.033160697537990315,-0.1482409018311192,-0.06513451044602797,0.033191531396108316,-0.4770927990521606,-0.3325922903106012,-0.1771317211465121,0.3199707040770557,0.35612970241420283,0.11345187207201168,-0.0948743539027581,-0.007738441633952612,-0.03242080469000499,0.5428334616650866,0.2519174372478365,0.23153530941705483,-0.07478956771268533,0.7377293899264686,0.8954447028381763,0.4635800550778785,-0.5026262237140039,-0.2898619891205713,0.031355994398418525,-0.16342776349157453,0.004359811945723382,-0.004439563098630219,-0.5090306895386834,-0.37279773204421807,-0.18779907259450343,0.3698891806255651,0.36255563463280926,0.0006886016683387323,-0.19064989653619424,-0.08663900671676612,-0.008089697092062163,0.45517261460158814,0.16297290446559787,0.17945375817139528,0.47446470957745285,0.5383956887157986,0.658431113141745,0.6699905383442349,-0.07377982047109216,0.37156796305945256,-0.03242207810333811,-0.017206436384215637,0.012870456690589378,-0.07507943104187417,-0.1727006171191928,-0.007668345296493047,-0.0831023808443532,0.05119254743058049,-0.6804778968571201,0.0603837405152198,-0.1599918810210585
2010_nonh_caucasians,0.07732993675026359,0.46697636270051834,0.4943811354506405,0.4682426374723412,1.0,-0.35481335935768626,-0.056837775085769836,-0.1559570415908256,-0.14939014742295564,0.06818572396346562,0.346704107942451,-0.22172610520163588,0.11365706910271038,0.2673765220088499,0.4662481923559756,0.6106463874486086,0.4643553969209348,0.05837295080938362,0.29910235737820445,0.04835660124931656,0.7097592694198066,0.20210340341116903,0.15792826843136404,0.41930670455760194,0.48781476327174267,0.40230236135137754,0.9590944629338689,-0.3244834462463334,-0.0924191355650893,-0.12038357698472299,-0.13567336457917628,0.11558755650717731,0.3784367388025125,-0.21231834886146783,0.09002124874358447,0.22576384658576218,0.3807355722446254,0.5912081459879296,0.41987079919680437,-0.007486966557110302,0.2870929226939297,0.0020812597073701653,0.6578542622937653,0.14797525205993373,0.15698268672424462,0.722710476526611,0.7510416639564601,0.4950520753875736,0.4857274523176245,-0.02313130468724684,0.1304180605037786,-0.05177885309104427,-0.11398491990190454,-0.03654672167383896,-0.09317406245070962,-0.15333220846390663,-0.0713263958586299,-0.06920784183379447,0.08541254154463415,-0.42422810597422456,-0.020459599392933677,-0.1200846205837807
2010_nonh_blacks,-0.27892488607000665,0.18117011249933954,-0.4327145936146426,-0.4763489749449419,-0.35481335935768626,1.0,0.20067007772231454,-0.09529463511228985,0.12219894538805309,0.13984423042915212,0.0799938989751413,0.31325562811134156,0.1629893585636703,0.10078882708872546,-0.10816178750374394,-0.17269635297715102,0.06833170792504238,0.08528971647508014,0.08281529606912123,0.09053970972971472,-0.29386326153978587,-0.11685059005206558,-0.08655025495006571,0.16170491917558832,-0.4553953487143166,-0.43895375656687885,-0.3264311135383252,0.8944015704251489,0.1626891795679066,-0.10173608113813856,0.1913000199912493,0.040058905147572,0.19192603805844,0.3689349678129216,0.25140827916148856,0.14279134249001066,-0.13046590552778017,-0.18509268435179205,0.1260595031507842,0.18264253081921672,0.11235533913869318,0.041397994020396435,-0.25715756132116613,-0.05559666570185441,-0.04729793092499915,-0.28457258877678315,-0.30037890800256867,-0.46768869929588913,-0.46034937669048503,0.02449145108720785,-0.2622706797652152,0.04342203647272932,0.06268612933913209,-0.04016054527929246,0.0766923087824472,0.09718202573820485,-0.00028169151789133294,0.05422122015801792,-0.021344120546097932,0.5115617762434251,-0.04744279624289835,0.06555519730344647
2010_amerinds_alskns,-0.02817068275144783,0.25812207675326454,-0.1668795163373586,-0.1941911028539618,-0.056837775085769836,0.20067007772231454,1.0,0.02286713364724376,0.1245435283501465,0.061645636078279456,0.09153617395326188,0.3559880199012459,0.2568100382767325,0.18723728090350206,0.040209645442675135,0.006147874761491703,0.10118982446669479,0.18436975844170583,0.06031067889340387,0.058691011870753484,-0.07481613225602435,-0.02648840722188333,-0.005994057129125113,0.2244498360740265,-0.17043650639337007,-0.1878067013017656,-0.06561492811328325,0.2028600062533497,0.16340348730966514,0.02279786375569271,0.13665323715867286,0.019420887428138654,0.12962462075768505,0.34039652096873435,0.23859120869746892,0.19379839029194507,-0.007795810144730919,-0.016614893249450615,0.07851711755471542,0.2147289616957837,0.06303420110069362,0.017594050136699423,-0.04908668651060602,0.007125932789211762,-0.009859339832636775,-0.05970969940936067,-0.07894226166972647,-0.2624272993686646,-0.26277588179556893,0.02176114610286757,-0.13998289232913436,-0.010910788104810115,0.005795203448948548,-0.020019534402384548,-0.017139970660427703,-0.039238986118840864,-0.024924145033732557,0.041772669893789076,0.04509278062567501,0.16275593761925558,-0.011078353937696886,-0.02680943913180863
2010_nonh_asians,0.12955601494353639,0.4238265413500786,0.0575511098597672,0.033160697537990315,-0.1559570415908256,-0.09529463511228985,0.02286713364724376,1.0,0.07596656728281564,0.055913717508290814,0.1934600160421791,-0.03871599062348956,-0.021344551191205645,0.32079218040269447,0.1525840056466581,0.22302905745546903,0.29324571687466533,0.21455742972636693,0.2850059904911963,0.07545170929174441,0.3535840448720052,0.27546115626478623,0.1905824690617281,0.40745531003357915,0.018433955737889925,0.000948883770516037,-0.17867746972661638,-0.0772788198905354,0.013302281254167315,0.912296495282189,0.08812411970848681,-0.0032896041871671284,0.1758001214621872,-0.03823197453738986,-0.06379186762731492,0.2783746793170981,0.16230997150570886,0.16871095650024592,0.3028609316016506,0.2778915912620944,0.2604557616282267,0.00955415531352694,0.3605610639358712,0.25799339426082013,0.2299454715623314,0.3275427390102491,0.31838385037199757,-0.009238993589512506,0.004692736693838689,-0.0242656465505007,-0.0015493937835558006,0.06127369236751962,-0.1066116593866484,-0.014200753966586257,-0.08209618023401996,-0.0458052112929099,0.017195436350861067,-0.0246312567752962,0.026482120215116207,-0.16911539070300172,-0.021328924502779324,-0.01021159419559271
2010_nonh_hawaii_pacific,0.06147082057520008,0.21235271991187712,-0.14275047245146197,-0.1482409018311192,-0.14939014742295564,0.12219894538805309,0.1245435283501465,0.07596656728281564,1.0,0.06829534642926875,0.026363182764442845,0.33805545640312823,0.1857517573906854,0.22131287194432697,-0.06154429642725606,-0.04620858202299611,0.12297171658753744,0.1393540238645402,0.04769320858907866,0.02842677626515342,-0.10092438823524401,-0.03992067906150997,0.001947754396530506,0.1895048294917284,-0.1598772176349536,-0.15239936979404656,-0.16185253047475007,0.10585974076911407,0.16166695476415424,0.10160116266099598,0.46038123611153847,-0.03457100142858909,0.04083195527178243,0.3447303980044812,0.17588341657279266,0.14072564566482235,-0.018140108383751363,-0.04317794395756737,0.09047202019347314,0.22499968021984543,0.006308877713610863,0.053318991036672765,-0.0753259162568066,-0.016207158934031223,-0.014845913707833683,-0.08328381254899536,-0.10645409815312418,-0.24896607556743927,-0.24713898137624507,0.01677130957192725,-0.1150159451577187,-0.0017783880640012278,-0.07720462722580093,0.021073515896978402,0.019983691917258354,-0.04480843898240634,-0.00868252277845457,-0.033333606269069525,0.1187901344145333,0.12059404885834686,-0.06807377522894892,-0.03367628744980896
2010_nonh_others,-0.06926756237437036,0.21746558246885966,-0.021431311381994837,-0.06513451044602797,0.06818572396346562,0.13984423042915212,0.061645636078279456,0.055913717508290814,0.06829534642926875,1.0,0.13825456102481254,0.09395130605586334,0.08669176058899417,0.15955811351911856,0.09285634175336313,0.09483928705203559,0.18555602351193332,0.11807676360811864,0.12450530056808919,0.0006171430961038413,0.11388270887909797,0.05129977417723423,0.05044991509892715,0.19692670862544187,-0.024236992777341593,-0.06545229446608052,0.07692894095559186,0.13554575847963146,0.10805218467860972,0.06507921253492961,0.05135526184888588,0.03635357519979644,0.1873106826890729,0.09529253284917841,0.07741300944974801,0.16121916763659092,0.05050680321662859,0.07171457387034515,0.20757039150998516,0.13822606783455046,0.13825952768291971,-0.015243131033502156,0.12552600463871993,0.05990931758890446,0.021993206273051638,0.12890731250385826,0.11315319899024948,-0.020775793804729607,-0.01781801274594517,-0.0036364593516746884,-0.05273989415281506,-0.004644281202656238,-0.03854117781589156,-0.02964966799728355,-0.03711586648614988,0.0005700667180653492,-0.02135412221298181,0.011252141734296174,-0.045830397628624134,0.07330264281246465,-0.04152302826191734,-0.00868682826317484
2010_nonh_multi,-0.10146989234008044,0.49450454961008045,0.13427363738271775,0.033191531396108316,0.346704107942451,0.0799938989751413,0.09153617395326188,0.1934600160421791,0.026363182764442845,0.13825456102481254,1.0,0.030312959958056402,0.1401539825155982,0.3105305942744983,0.2784838115878079,0.32249119555346023,0.4717771195849113,0.14945582621365933,0.3249445624573533,0.14150044353428662,0.37974146527964414,0.17402498066335176,0.12042701830594921,0.469909082480942,0.12324177997857695,-0.004448813956900899,0.34502293529910133,0.10213415287872568,0.03535950440673075,0.2099702871873376,0.09231496207671068,0.031053669609727226,0.5038617696528579,0.062435743319264325,0.15389445342175065,0.3118257658267059,0.21029021946393622,0.3069926201769765,0.4852078450565643,0.12099735307718194,0.3342458335126853,0.10410013989590283,0.3923542597361705,0.15565956998830807,0.15221975604295046,0.4045426689998877,0.381444195535283,0.06829919339343543,0.051056115528771845,0.025453464210991757,-0.06640138659335276,-0.030679333187763596,-0.06671173349198026,-0.03325494103547216,-0.024907037786743823,-0.05398033410660416,-0.07082425376660759,-0.024023589043123676,0.14665219196903898,-0.11715477120706218,-0.08504428167548198,-0.06354962910805499
2010_hisp_latin,-0.06666350150903491,0.4964349768237361,-0.4022556242246687,-0.4770927990521606,-0.22172610520163588,0.31325562811134156,0.3559880199012459,-0.03871599062348956,0.33805545640312823,0.09395130605586334,0.030312959958056402,1.0,0.6671942487905335,0.4439503004162726,-0.12125980732299253,-0.10539823862074213,0.11001301572572,0.44539612657149125,0.06263630954275227,0.024539363611291855,-0.29122519594640506,-0.14644728347970618,-0.1185011849203852,0.46109297275373073,-0.44778845476417806,-0.46353582514585057,-0.2255132898918921,0.34330778089386166,0.3657227753241999,-0.016789163337815154,0.3457526021887491,0.07146227663177217,0.11315077179028878,0.9304444254727251,0.6789863687288228,0.4392038081687354,-0.12482075375326429,-0.11450385063606469,0.1789821218686931,0.5239728586145349,0.13192652977861163,0.03007888743032471,-0.2426355326852832,-0.09915467628759947,-0.09115280742487573,-0.2495708025177384,-0.286564181208989,-0.6453678306159762,-0.6314097599509646,0.026919645713539535,-0.3265397252582199,-0.03231313376650673,-0.07314388465473438,-0.015440996421346475,0.03307641604334373,0.05712293902055128,-0.054692627733385187,0.045758489822471896,0.04276109393999027,0.3663702632251369,-0.11761360174935083,-0.050944229145455135
2010_construction,-0.09152084173528038,0.5294973562423715,-0.21466962816992374,-0.3325922903106012,0.11365706910271038,0.1629893585636703,0.2568100382767325,-0.021344551191205645,0.1857517573906854,0.08669176058899417,0.1401539825155982,0.6671942487905335,1.0,0.4619826050691509,-0.02148528295532282,0.05256736343477486,0.19006923546336077,0.36206519863930364,0.18967823411143378,0.013096189085593376,-0.07082706773683183,-0.11254044641846858,-0.10880259166160605,0.4976850879041008,-0.291399819019703,-0.35936887962137515,0.0975883575727255,0.2191304156124161,0.2815093311777374,-0.015741349084238975,0.18781867325997292,0.07054969202995826,0.18452367199674177,0.6492545377505488,0.6635701143131394,0.4521800794384353,-0.06458445152130006,0.025250142017010254,0.28091959991245424,0.4484513437341356,0.26204508723001574,0.019546250293465118,-0.035598566766733064,-0.08630610474943877,-0.03814064423394417,-0.012073276340707324,-0.04200737758336494,-0.41607438775063166,-0.4113002204902933,0.0249394088371179,-0.3181717521591809,-0.24414723537375815,-0.10537303582520696,-0.018043574713123654,-0.01572075759041476,0.055001850788325396,-0.04721191940129472,0.03587370559310241,0.11351849273368907,0.21474040799529134,-0.1307582904421604,-0.08539639339674165
2010_retail,0.02201011124490823,0.7157881322288299,-0.10132271562412115,-0.1771317211465121,0.2673765220088499,0.10078882708872546,0.18723728090350206,0.32079218040269447,0.22131287194432697,0.15955811351911856,0.3105305942744983,0.4439503004162726,0.4619826050691509,1.0,0.2375936765211292,0.334643450564136,0.432946353978893,0.4201951920413405,0.3682885711983214,0.09278143168867194,0.29667504134261946,0.1834681325580508,0.0818099114450865,0.6782640676320886,-0.1498692294715567,-0.23145249107443933,0.2403628504838826,0.14987472497568471,0.20089853873077754,0.306548327219634,0.20109012936395493,0.07122770245869171,0.38244868210847505,0.44689709256798543,0.4541862302363577,0.6491567274772292,0.18349064324513467,0.29421091762150997,0.5210213260978348,0.47190440668154027,0.4091422027152446,0.02638942974616706,0.3474157337640286,0.2154658785091127,0.13376842490601615,0.33436284642876046,0.2872119381189215,-0.1773830851442506,-0.19094320868592293,0.03862873034286801,-0.23762811861855196,-0.008299760145432848,-0.3949684258774687,-0.002846496143025813,-0.06375667652077767,0.008470880943389384,-0.06956436215929798,-0.02244183870182105,0.07010124686917839,0.023584574218552156,-0.1201066924046125,-0.07706070685314172
2010_information,0.2238463874085388,0.36655310348998915,0.23777227589380384,0.3199707040770557,0.4662481923559756,-0.10816178750374394,0.040209645442675135,0.1525840056466581,-0.06154429642725606,0.09285634175336313,0.2784838115878079,-0.12125980732299253,-0.02148528295532282,0.2375936765211292,1.0,0.4374170840633053,0.3716972372530956,0.1868906593192103,0.2559331596526057,0.03545262787963679,0.6290173061716287,0.5191954554768892,0.29870191483108205,0.36214484991002643,0.29227445421425124,0.2938730203174742,0.4685824339975233,-0.1288878665632537,-0.05928484261109937,0.18936238774652003,-0.02864112383708326,0.0682630536631427,0.3079968033365014,-0.12488311217876172,-0.02952882145863487,0.24467373997037117,0.5813292175006451,0.48520121533629235,0.34666096127935053,0.13946234161748805,0.23564657416077325,-0.028818914571360946,0.6098422462507663,0.46426052155438613,0.2828219491375637,0.5557199930677705,0.5631277569203464,0.3405788550596497,0.3454876892667706,-0.036241718845024216,0.14993806977580126,0.03337920394349902,-0.0823519231075875,-0.29305641372549324,-0.015926162185582977,-0.10767072839219682,-0.05431561918023603,-0.021692735780575314,-0.09266022011180253,-0.295009379233095,-0.022713753392227306,-0.08708656719822079
2010_finance,0.20537067078344337,0.5123081742957893,0.37485949934583124,0.35612970241420283,0.6106463874486086,-0.17269635297715102,0.006147874761491703,0.22302905745546903,-0.04620858202299611,0.09483928705203559,0.32249119555346023,-0.10539823862074213,0.05256736343477486,0.334643450564136,0.4374170840633053,1.0,0.3854660704243825,0.1626121121869459,0.30499561147113263,0.07814640482404525,0.7405729419431726,0.4343226913030038,0.26777278788129855,0.49437318067428854,0.35641607046905766,0.31916483405893764,0.6080558521101709,-0.14756974237985135,-0.08399468789114138,0.22895755352686853,-0.051742943478845865,0.09694646880186475,0.3476302633049256,-0.09988363935894864,0.04352545217077572,0.33560420391332374,0.4399952072847732,0.7165459989577063,0.40636509083619216,0.1911191140441219,0.30112562385971475,0.04773774845359619,0.7119096199062144,0.3582204273467623,0.2514187763840835,0.7130637962607523,0.716451726972377,0.40277767030596706,0.4047528962623524,-0.03598478311029957,0.10439049761987615,-0.013563974850577943,-0.040056064778484245,-0.026239593283201697,-0.3030579177015178,-0.08060794542900493,-0.00855062299185558,-0.04393747427262583,0.14992973739345558,-0.31624506850547984,0.04190107186553494,-0.08165782387190214
2010_edu_health_social,0.05932056248751048,0.6580123036394397,0.09997596828611106,0.11345187207201168,0.4643553969209348,0.06833170792504238,0.10118982446669479,0.29324571687466533,0.12297171658753744,0.18555602351193332,0.4717771195849113,0.11001301572572,0.19006923546336077,0.432946353978893,0.3716972372530956,0.3854660704243825,1.0,0.2864741114463952,0.4464065344862126,0.0982768599178365,0.5646271275671693,0.31996858561634506,0.26318850407877936,0.5906375042372646,0.07216270658454092,0.034046757000018996,0.4526245084496407,0.06690337566956081,0.051770893089381646,0.24878803435520772,0.12266884133452265,0.1531765164493246,0.4986269056601032,0.11229627508361488,0.21715668090311246,0.42784647923022595,0.33204180233642117,0.33445802911014794,0.7371431925494158,0.3419561117391552,0.46185896701811097,0.02628766798845196,0.5285682432922756,0.29085722036028167,0.29238798684126344,0.5114571714740277,0.5430323701118157,0.11241193604910688,0.12841612650594603,-0.037783580852077524,-0.08710167619492559,0.026755179941694095,-0.11943286470969093,-0.03752652725026101,-0.049431291023985614,-0.414904699724901,-0.062132426552687546,-0.01532102163344869,0.0314552012887363,-0.20677612614537572,-0.10824061009713848,-0.1061819123065111
2010_arts_recreation_accom,0.244070168895941,0.4711149265679757,-0.29637500741189554,-0.0948743539027581,0.05837295080938362,0.08528971647508014,0.18436975844170583,0.21455742972636693,0.1393540238645402,0.11807676360811864,0.14945582621365933,0.44539612657149125,0.36206519863930364,0.4201951920413405,0.1868906593192103,0.1626121121869459,0.2864741114463952,1.0,0.19303910979860311,-0.0014422769542451373,0.16538622699381716,0.3063235825695471,0.20160353029638708,0.42132102436228225,-0.2579044355840347,-0.12900042208975496,0.07500735989545476,0.07345163525067132,0.11773281657118496,0.176089107371625,0.12728430609803393,0.08563407094954155,0.19223512307103247,0.3998387265470838,0.3183281466650042,0.4686446067733151,0.2271389085156909,0.157860961180378,0.32173977053444053,0.6462231714829912,0.24295456315072336,0.005415483265197901,0.24513677506023906,0.3753589080148139,0.1970544513650711,0.15705397632847878,0.09241417648959961,-0.15906692337360553,-0.2215876904409873,0.12504595450136052,-0.0983052691224047,-0.002148431702036552,-0.04703453200988247,-0.02170255465064727,-0.005899211811888909,-0.009856033433171313,-0.3226795001273539,0.05278531055773084,-0.022623530225722378,0.046696175807621414,0.004311134793342485,0.02671543385880526
2010_public_admin,0.04374223798410383,0.48786817472777394,0.08376212701941702,-0.007738441633952612,0.29910235737820445,0.08281529606912123,0.06031067889340387,0.2850059904911963,0.04769320858907866,0.12450530056808919,0.3249445624573533,0.06263630954275227,0.18967823411143378,0.3682885711983214,0.2559331596526057,0.30499561147113263,0.4464065344862126,0.19303910979860311,1.0,0.10760709613271169,0.37149027139543694,0.15105599807280315,0.07574254813575688,0.4512162882593493,0.022085467690219403,-0.09127593836554873,0.29031289897142004,0.10472222188013607,0.0715614247002415,0.24637676853528095,0.03838455714830522,0.10600625364731628,0.41245710268598657,0.06970221897856559,0.22328460488461704,0.40067296598388763,0.14428459706796698,0.2944546190231467,0.4969789197673349,0.23573203949556246,0.4760826432156302,0.0013960404906637432,0.3645889338171713,0.134182525923552,0.1387154493546514,0.3794073927477591,0.3823234824474464,0.06342498661315171,0.06483185954813885,-0.0076336921762815675,-0.17787954303568185,-0.01953861232314414,-0.07072838171645143,-0.0790832962474783,-0.044511843330141694,-0.04137473168918612,-0.0367087937669064,-0.3713513463023562,-0.05164727012339424,-0.15421009894895582,-0.0755106205651428,-0.07366993428436586
2010_armed_forces,-0.10687696176535064,0.13608251771477745,0.001063738821438174,-0.03242080469000499,0.04835660124931656,0.09053970972971472,0.058691011870753484,0.07545170929174441,0.02842677626515342,0.0006171430961038413,0.14150044353428662,0.024539363611291855,0.013096189085593376,0.09278143168867194,0.03545262787963679,0.07814640482404525,0.0982768599178365,-0.0014422769542451373,0.10760709613271169,1.0,0.06138615970408321,0.030390184374590914,-0.004776115829957505,0.1318767811081082,-0.0345681327096327,-0.05773546968784906,0.04257415588134721,0.12256688884930944,0.060645311039709195,0.06290131016087738,0.004086509618701332,0.11394120709673825,0.18020694669872106,0.031143082637762377,0.020322750576573113,0.086138958919138,-0.025942981536120624,0.07672521057011313,0.13333617259370348,0.029828183810000165,0.11781108315259456,0.5942577990292519,0.08995148265913809,0.037595757874546415,0.015088486952942981,0.0940853506485576,0.06356758518226407,0.00020222707221642013,-0.02571493199105047,0.0465092573303831,-0.06581098893932835,-0.014869438977637685,-0.018250395140305003,-0.03797620371029199,-0.02632909799846096,0.011982039154743333,-0.013408905540250385,-0.03440996176478752,0.20799876816696786,-0.015799320536056507,-0.04145549457315613,-0.03126794337456288
2010_bachelors,0.24813008876497433,0.5213106806495317,0.486489237853407,0.5428334616650866,0.7097592694198066,-0.29386326153978587,-0.07481613225602435,0.3535840448720052,-0.10092438823524401,0.11388270887909797,0.37974146527964414,-0.29122519594640506,-0.07082706773683183,0.29667504134261946,0.6290173061716287,0.7405729419431726,0.5646271275671693,0.16538622699381716,0.37149027139543694,0.06138615970408321,1.0,0.5928550441568616,0.3493381638733484,0.4862437983045499,0.4978887809610843,0.47551494571343106,0.6988026613479392,-0.29038281450497927,-0.16802937147301739,0.35015277231132663,-0.08936797388800867,0.1090102622496157,0.3840259390288694,-0.29995061049596533,-0.1286181139029484,0.26327303837336036,0.5930171669081498,0.6826708788338589,0.4807025140819523,0.12866413533205032,0.31928810800366786,-0.014121211537199613,0.8898646646329601,0.4739186421837016,0.36169755040901097,0.8786235344010477,0.9670606320807431,0.6065844135042902,0.6821227657224922,-0.18445683843881502,0.20836326212418738,0.0010784445360454212,-0.13008901057799127,-0.05920260543407436,-0.12439176838409634,-0.2006783681239906,-0.04330412723636466,-0.0757823992318064,-0.012790600334553452,-0.4904792438826967,-0.034240300034515954,-0.11092225200504027
2010_male<25_bachelors,0.2880983605926415,0.20744624507613477,0.02612869464832391,0.2519174372478365,0.20210340341116903,-0.11685059005206558,-0.02648840722188333,0.27546115626478623,-0.03992067906150997,0.05129977417723423,0.17402498066335176,-0.14644728347970618,-0.11254044641846858,0.1834681325580508,0.5191954554768892,0.4343226913030038,0.31996858561634506,0.3063235825695471,0.15105599807280315,0.030390184374590914,0.5928550441568616,1.0,0.47525423271380474,0.23224505603934892,0.11353284842857532,0.2573094843253551,0.2494076276591905,-0.13169514406568653,-0.06738777523214616,0.28078678750943303,-0.04804864298622077,0.05467545456702165,0.15765110953288805,-0.16189968179108544,-0.18083517045144804,0.22402621893954175,0.601327894402894,0.44146954194693167,0.27317939552503306,0.22484590068475147,0.1175528001206812,-0.009414550361915573,0.5927644918122142,0.7350780895841791,0.4546831138024318,0.4351213849386241,0.3814444498161891,0.31991986917530396,0.2759632188144538,0.053143661883825154,0.19592380534453516,0.006784798564902115,-0.028245994941033966,0.0123635550845087,-0.037605604252156526,-0.09450383289572546,-0.03320044545577699,-0.01828920118103633,-0.13768647407621423,-0.2172952364362267,0.1027778299294055,0.02158948349217237
2010_female<25_bachelors,0.21141739439386342,0.14778882862619772,0.02686394147721799,0.23153530941705483,0.15792826843136404,-0.08655025495006571,-0.005994057129125113,0.1905824690617281,0.001947754396530506,0.05044991509892715,0.12042701830594921,-0.1185011849203852,-0.10880259166160605,0.0818099114450865,0.29870191483108205,0.26777278788129855,0.26318850407877936,0.20160353029638708,0.07574254813575688,-0.004776115829957505,0.3493381638733484,0.47525423271380474,1.0,0.1356556332692789,0.07279155916312342,0.2408304248162044,0.177823169436785,-0.09547782380672028,-0.055910617580773384,0.1490190421616801,-0.023360956966043143,0.027287155675938556,0.12744680447219367,-0.11461349413291082,-0.1256628142298904,0.1476385670830691,0.3530308927032827,0.2739892827661101,0.21796385207271546,0.13919325858218556,0.08518420285287923,-0.018624672034790023,0.37367604732121146,0.48896849845192497,0.33903826696662015,0.2613079102740022,0.1800559016128545,0.2047797252325111,0.08352588572437031,0.20117793631280803,0.17823171586652048,0.02034081028729719,0.022091959130170105,0.004913108211783292,-0.010077839546739732,-0.08042007877623081,-0.01873533637346053,0.03622547210125112,-0.026944845233149807,-0.16669376117574838,0.13923182902718906,-0.039506942386052186
2018_population,-0.016771347666287236,0.9235683601344599,0.04747266003836101,-0.07478956771268533,0.41930670455760194,0.16170491917558832,0.2244498360740265,0.40745531003357915,0.1895048294917284,0.19692670862544187,0.469909082480942,0.46109297275373073,0.4976850879041008,0.6782640676320886,0.36214484991002643,0.49437318067428854,0.5906375042372646,0.42132102436228225,0.4512162882593493,0.1318767811081082,0.4862437983045499,0.23224505603934892,0.1356556332692789,1.0,-0.0029819994275329252,-0.11894623128863281,0.4325936571630589,0.23800438540949487,0.22545347401402177,0.4926268362551694,0.23271967552780737,0.1419236883375723,0.5980483059916438,0.5082922330360243,0.545103186024424,0.716906852060573,0.36192743031333796,0.5342105831103104,0.7199399555816843,0.5535913478556747,0.5192551529841607,0.0662635680753385,0.5826544213189275,0.2710487575886517,0.2461357002741516,0.5864959537397155,0.48793337438964557,-0.15914670378857873,-0.12885247123032906,-0.04156574239195589,-0.16767073635959157,0.04465995386013101,-0.06109029916217807,0.017941427581341703,-0.01919610657046619,0.043896015063900236,-0.009964205166873285,-0.003472005162388604,0.16039462960753006,-0.04366815791061962,-0.13024098848815285,-0.10534033094041152
2018_household_income,0.2034487674659365,-0.01032931055967045,0.895126074487197,0.7377293899264686,0.48781476327174267,-0.4553953487143166,-0.17043650639337007,0.018433955737889925,-0.1598772176349536,-0.024236992777341593,0.12324177997857695,-0.44778845476417806,-0.291399819019703,-0.1498692294715567,0.29227445421425124,0.35641607046905766,0.07216270658454092,-0.2579044355840347,0.022085467690219403,-0.0345681327096327,0.4978887809610843,0.11353284842857532,0.07279155916312342,-0.0029819994275329252,1.0,0.7536452239298745,0.4671898582656289,-0.4667741984020798,-0.24406198394996967,0.08182910478014277,-0.1590000906133532,-0.0373141947159718,0.07361892754188885,-0.465285994772219,-0.32335133066809985,-0.18396984115339218,0.31453565411076995,0.40190973769327254,-0.0029129832592034856,-0.33954626216575434,-0.043652016078279926,-0.05386447189514681,0.4397201554088432,0.03734390885405641,0.04926303430250056,0.5074779172938335,0.53789461776545,0.6388646952317131,0.6552555289507865,-0.08087714868436754,0.4454923098478175,-0.022146078217539604,-0.029806331556401673,0.02700297489192583,-0.05531847789456698,-0.11419092945302367,0.04999139362413775,-0.10002088338367628,-0.040503138468492,-0.6041899734912647,0.05892251358241004,-0.11953384735599168
2018_home_value,0.5021449963820492,-0.09986374845370753,0.6420642562064287,0.8954447028381763,0.40230236135137754,-0.43895375656687885,-0.1878067013017656,0.000948883770516037,-0.15239936979404656,-0.06545229446608052,-0.004448813956900899,-0.46353582514585057,-0.35936887962137515,-0.23145249107443933,0.2938730203174742,0.31916483405893764,0.034046757000018996,-0.12900042208975496,-0.09127593836554873,-0.05773546968784906,0.47551494571343106,0.2573094843253551,0.2408304248162044,-0.11894623128863281,0.7536452239298745,1.0,0.4003778250953606,-0.46714744865902064,-0.272336821637799,0.0010574575442137092,-0.15107642607487548,-0.003665635914265071,-0.04550557388493659,-0.4875842813584416,-0.39634800878230997,-0.2305637065285077,0.36068181906808783,0.33886982606346416,-0.0683981638339556,-0.2240302958713437,-0.15996117855643904,-0.02741744981062229,0.39137340914503876,0.17363072857166711,0.16735025801886283,0.3963587227994484,0.45845098627915093,0.6103346330514808,0.6267251086836454,-0.07857875021901002,0.7101085340846367,-0.021124921212637454,0.01861319714432924,0.028719278855660647,-0.044451623972232394,-0.13102239094288592,0.021821368226921305,-0.08219042995474214,0.0036398150511619235,-0.5630507532467948,0.1938258328407103,-0.06748201031556873
2018_nonh_caucasians,0.08868926786182937,0.4280096337446594,0.4522054180302305,0.4635800550778785,0.9590944629338689,-0.3264311135383252,-0.06561492811328325,-0.17867746972661638,-0.16185253047475007,0.07692894095559186,0.34502293529910133,-0.2255132898918921,0.0975883575727255,0.2403628504838826,0.4685824339975233,0.6080558521101709,0.4526245084496407,0.07500735989545476,0.29031289897142004,0.04257415588134721,0.6988026613479392,0.2494076276591905,0.177823169436785,0.4325936571630589,0.4671898582656289,0.4003778250953606,1.0,-0.2958663273440002,-0.0869002883326628,-0.14377532134026808,-0.15222745340962587,0.11603434946708786,0.3787352218112395,-0.2256305054793952,0.09656310337579464,0.2530666332860794,0.4326985566565962,0.6284537852610145,0.4572889776079956,0.031753578094184325,0.29653478008347456,0.02168932743062988,0.6916420643359525,0.21806574619430666,0.212758349436064,0.7359113542954626,0.7243767736511504,0.49849039122505295,0.4830722710219029,-0.012469394818728169,0.14040511569258188,-0.044049051630472055,-0.0648847429025004,-0.0023286816154904897,-0.05900584212158728,-0.08849388060450412,-0.0496485539180951,-0.06391013640417888,0.06667223341880033,-0.40217093607457327,-0.005125054094269615,-0.10180914210899321
2018_nonh_blacks,-0.31636952963731096,0.19938571093073962,-0.42581147612685055,-0.5026262237140039,-0.3244834462463334,0.8944015704251489,0.2028600062533497,-0.0772788198905354,0.10585974076911407,0.13554575847963146,0.10213415287872568,0.34330778089386166,0.2191304156124161,0.14987472497568471,-0.1288878665632537,-0.14756974237985135,0.06690337566956081,0.07345163525067132,0.10472222188013607,0.12256688884930944,-0.29038281450497927,-0.13169514406568653,-0.09547782380672028,0.23800438540949487,-0.4667741984020798,-0.46714744865902064,-0.2958663273440002,1.0,0.21040146627923434,-0.08599388180201382,0.19112456355355464,0.04529475871970484,0.2516526779362301,0.3952726505541002,0.2912046214621189,0.19783245575973604,-0.13691504666741955,-0.13573613737510928,0.18464891510584233,0.19171886486684542,0.16938406948775683,0.056700844662257575,-0.2302717384657951,-0.05234065325463358,-0.05562005226227633,-0.2527405259956686,-0.2916881046849892,-0.4866067280036917,-0.467025742877706,0.004039283546610431,-0.29339132480477814,0.0362297112864821,0.0563685198914716,0.002214547480318194,0.06821668822149733,0.15416094170187314,0.018342913394911373,0.07832110687836094,0.014140272573932558,0.5189475608421926,-0.061262371047557315,0.061218728118984544
2018_amerinds_alskns,-0.15804542341515743,0.2092610319908405,-0.211816447318549,-0.2898619891205713,-0.0924191355650893,0.1626891795679066,0.16340348730966514,0.013302281254167315,0.16166695476415424,0.10805218467860972,0.03535950440673075,0.3657227753241999,0.2815093311777374,0.20089853873077754,-0.05928484261109937,-0.08399468789114138,0.051770893089381646,0.11773281657118496,0.0715614247002415,0.060645311039709195,-0.16802937147301739,-0.06738777523214616,-0.055910617580773384,0.22545347401402177,-0.24406198394996967,-0.272336821637799,-0.0869002883326628,0.21040146627923434,1.0,0.010625393653027967,0.14444447030153335,-0.0038995582374081734,0.12953465021236477,0.3683124318770717,0.3275772742969637,0.18405738750985282,-0.0626456027879312,-0.07051186336726202,0.0912280874812157,0.1869471313109517,0.04661382676616663,-0.02495064394674693,-0.11775707056137132,-0.018622462533566954,-0.01244813175458652,-0.13331593799567656,-0.17095297333694895,-0.32626973080511906,-0.333585200571675,0.03940959474905415,-0.17057337249331336,-0.007778301404879309,-0.036237135083608804,0.032650777706261375,0.007673477117551004,0.033280024288376515,0.02386929264385986,-0.037831138292256344,-0.044523659066968,0.24753602864961963,-0.045453198371084996,0.003449441482965898
2018_nonh_asians,0.08939223284207375,0.4136828669539335,0.11456048368661963,0.031355994398418525,-0.12038357698472299,-0.10173608113813856,0.02279786375569271,0.912296495282189,0.10160116266099598,0.06507921253492961,0.2099702871873376,-0.016789163337815154,-0.015741349084238975,0.306548327219634,0.18936238774652003,0.22895755352686853,0.24878803435520772,0.176089107371625,0.24637676853528095,0.06290131016087738,0.35015277231132663,0.28078678750943303,0.1490190421616801,0.4926268362551694,0.08182910478014277,0.0010574575442137092,-0.14377532134026808,-0.08599388180201382,0.010625393653027967,1.0,0.09007939806436245,-0.01801639120009777,0.1978192057041423,-0.02343813542173256,-0.05799583594901485,0.30677977489955405,0.24573365072506667,0.2606245295768905,0.30765774197756446,0.262585966486759,0.24872548704645792,0.012249398074858432,0.4293758791486282,0.2847970741517965,0.2367508825400435,0.4005850852387591,0.31732655261331577,-0.0011132801770483397,0.015483116948781937,-0.029703588988678198,0.006937609564401696,0.09289253399444063,-0.0014401360085836157,0.0415873213850177,-0.03709304738399744,0.03240839185792759,0.05749253346984242,-0.006336023711817321,0.07964955548419524,-0.18840322400035098,-0.04223418013813639,-0.01660515008417305
